355.980565	 8.255952	 358.593507	 0.000000
355.980990	 8.255170	 358.594177	 0.004005
355.979202	 8.256846	 358.592613	 0.008009
355.978800	 8.257293	 358.592054	 0.012014
355.980141	 8.256131	 358.592926	 0.016018
355.981415	 8.254790	 358.594222	 0.020023
355.979403	 8.256712	 358.592501	 0.024027
355.980632	 8.255259	 358.593998	 0.028032
355.979403	 8.256600	 358.592568	 0.032037
355.979492	 8.256891	 358.592434	 0.036041
355.981795	 8.254522	 358.594937	 0.040046
355.980699	 8.255483	 358.594378	 0.044050
355.977950	 8.258053	 358.591763	 0.048055
355.976453	 8.259595	 358.590243	 0.052059
355.976497	 8.259662	 358.589975	 0.056064
355.975335	 8.260892	 358.588701	 0.060069
355.976162	 8.259797	 358.590020	 0.064073
355.974553	 8.261339	 358.588433	 0.068078
355.976050	 8.259931	 358.589662	 0.072082
355.978509	 8.257360	 358.591495	 0.076087
355.977213	 8.258545	 358.590176	 0.080092
355.977101	 8.258478	 358.590579	 0.084096
355.977861	 8.257561	 358.591651	 0.088101
355.977794	 8.257874	 358.591339	 0.092105
355.979224	 8.256466	 358.592456	 0.096110
355.979314	 8.256176	 358.592411	 0.100114
355.976654	 8.258523	 358.590199	 0.104119
355.976654	 8.258254	 358.590534	 0.108124
355.976788	 8.258098	 358.590489	 0.112128
355.974597	 8.260601	 358.588008	 0.116133
355.972630	 8.262412	 358.586108	 0.120137
355.971044	 8.263954	 358.584968	 0.124142
355.971245	 8.263574	 358.585304	 0.128146
355.971379	 8.263462	 358.585326	 0.132151
355.973614	 8.261272	 358.587114	 0.136156
355.975894	 8.258992	 358.589260	 0.140160
355.973189	 8.261696	 358.586913	 0.144165
355.972876	 8.261942	 358.586689	 0.148169
355.976162	 8.258724	 358.589684	 0.152174
355.975000	 8.259662	 358.588232	 0.156178
355.973078	 8.261652	 358.586242	 0.160183
355.974262	 8.260288	 358.587896	 0.164188
355.976654	 8.257740	 358.590467	 0.168192
355.976900	 8.257852	 358.590780	 0.172197
355.978040	 8.256779	 358.591540	 0.176201
355.978956	 8.255930	 358.592322	 0.180206
355.978017	 8.256712	 358.591696	 0.184211
355.972809	 8.261764	 358.586801	 0.188215
355.971513	 8.263239	 358.585169	 0.192220
355.974597	 8.260288	 358.587807	 0.196224
355.975782	 8.258925	 358.589036	 0.200229
355.975313	 8.259081	 358.588902	 0.204233
355.975335	 8.259283	 358.589305	 0.208238
355.974486	 8.260646	 358.588656	 0.212243
355.973815	 8.261585	 358.587561	 0.216247
355.974039	 8.261227	 358.587807	 0.220252
355.974754	 8.260266	 358.588813	 0.224256
355.974575	 8.260333	 358.588857	 0.228261
355.973547	 8.261518	 358.587516	 0.232265
355.973435	 8.261898	 358.587136	 0.236270
355.975670	 8.259350	 358.589081	 0.240275
355.976319	 8.258388	 358.590020	 0.244279
355.975067	 8.259662	 358.589081	 0.248284
355.973301	 8.261629	 358.587136	 0.252288
355.976319	 8.258880	 358.589796	 0.256293
355.977593	 8.257539	 358.590959	 0.260297
355.976229	 8.258679	 358.589953	 0.264302
355.973905	 8.260937	 358.587919	 0.268307
355.973502	 8.261249	 358.587181	 0.272311
355.975201	 8.259662	 358.588410	 0.276316
355.976609	 8.258277	 358.589684	 0.280320
355.976497	 8.258165	 358.589953	 0.284325
355.976430	 8.258299	 358.590534	 0.288330
355.975760	 8.259215	 358.589707	 0.292334
355.976453	 8.258612	 358.589975	 0.296339
355.976944	 8.258031	 358.590333	 0.300343
355.976184	 8.258768	 358.590064	 0.304348
355.975424	 8.259439	 358.589550	 0.308352
355.975827	 8.259171	 358.589707	 0.312357
355.979157	 8.256131	 358.592613	 0.316362
355.979783	 8.255438	 358.593104	 0.320366
355.976251	 8.258455	 358.589841	 0.324371
355.975156	 8.259394	 358.589036	 0.328375
355.976386	 8.258388	 358.589930	 0.332380
355.978755	 8.256265	 358.591830	 0.336384
355.976654	 8.258612	 358.589975	 0.340389
355.976251	 8.258500	 358.589796	 0.344394
355.976810	 8.257830	 358.590601	 0.348398
355.977816	 8.257092	 358.591361	 0.352403
355.976788	 8.258254	 358.589930	 0.356407
355.977347	 8.257606	 358.590556	 0.360412
355.976631	 8.258143	 358.590288	 0.364416
355.975492	 8.259283	 358.589573	 0.368421
355.974910	 8.260132	 358.588746	 0.372426
355.974754	 8.260557	 358.588232	 0.376430
355.975335	 8.259864	 358.588857	 0.380435
355.974262	 8.260735	 358.588187	 0.384439
355.972094	 8.262747	 358.586220	 0.388444
355.973301	 8.261652	 358.586958	 0.392449
355.972809	 8.262367	 358.586175	 0.396453
355.973301	 8.261987	 358.586667	 0.400458
355.973659	 8.261272	 358.587181	 0.404462
355.977056	 8.257383	 358.590467	 0.408467
355.979470	 8.255192	 358.592836	 0.412471
355.978665	 8.256421	 358.591741	 0.416476
355.978218	 8.256801	 358.591204	 0.420481
355.975715	 8.259059	 358.588835	 0.424485
355.976408	 8.258143	 358.589640	 0.428490
355.978397	 8.256489	 358.591607	 0.432494
355.979515	 8.255706	 358.592523	 0.436499
355.981281	 8.253560	 358.594043	 0.440503
355.978017	 8.256690	 358.591093	 0.444508
355.975827	 8.258903	 358.589036	 0.448513
355.978107	 8.256936	 358.591249	 0.452517
355.978062	 8.257248	 358.590869	 0.456522
355.978621	 8.256712	 358.591294	 0.460526
355.977727	 8.257383	 358.590579	 0.464531
355.976564	 8.258523	 358.589416	 0.468535
355.978107	 8.257181	 358.590690	 0.472540
355.979023	 8.256466	 358.591361	 0.476545
355.979805	 8.255594	 358.592166	 0.480549
355.978129	 8.257271	 358.590936	 0.484554
355.977727	 8.257941	 358.590869	 0.488558
355.977861	 8.258031	 358.590824	 0.492563
355.978643	 8.257472	 358.591294	 0.496568
355.979582	 8.256533	 358.592322	 0.500572
355.977123	 8.258813	 358.590020	 0.504577
355.977280	 8.258657	 358.590310	 0.508581
355.978285	 8.257874	 358.591204	 0.512586
355.980677	 8.255639	 358.593283	 0.516590
355.982756	 8.253471	 358.595339	 0.520595
355.979671	 8.256243	 358.592367	 0.524600
355.979962	 8.255796	 358.592523	 0.528604
355.977660	 8.258053	 358.589908	 0.532609
355.978911	 8.256958	 358.590936	 0.536613
355.980632	 8.255304	 358.592791	 0.540618
355.978643	 8.257316	 358.590914	 0.544622
355.976900	 8.259037	 358.589237	 0.548627
355.976251	 8.259662	 358.588433	 0.552632
355.978129	 8.257919	 358.590042	 0.556636
355.978107	 8.257964	 358.589930	 0.560641
355.978285	 8.257696	 358.590377	 0.564645
355.978889	 8.257114	 358.591070	 0.568650
355.981124	 8.255080	 358.593194	 0.572654
355.980901	 8.255237	 358.592680	 0.576659
355.980007	 8.255997	 358.591540	 0.580664
355.977503	 8.258724	 358.589372	 0.584668
355.976430	 8.259774	 358.588545	 0.588673
355.976676	 8.259595	 358.588522	 0.592677
355.978129	 8.258098	 358.589573	 0.596682
355.976833	 8.259506	 358.588366	 0.600686
355.974687	 8.261607	 358.586511	 0.604691
355.974016	 8.262434	 358.585996	 0.608696
355.976833	 8.259774	 358.588813	 0.612700
355.979917	 8.256936	 358.591763	 0.616705
355.980454	 8.256645	 358.592590	 0.620709
355.979113	 8.257986	 358.591383	 0.624714
355.977235	 8.259797	 358.589595	 0.628719
355.975916	 8.261138	 358.588142	 0.632723
355.975939	 8.261339	 358.588008	 0.636728
355.976117	 8.260847	 358.588120	 0.640732
355.975536	 8.261540	 358.587606	 0.644737
355.975894	 8.261249	 358.588187	 0.648741
355.979001	 8.258120	 358.591137	 0.652746
355.979805	 8.257383	 358.591808	 0.656751
355.981705	 8.255460	 358.593663	 0.660755
355.982242	 8.254589	 358.594132	 0.664760
355.979738	 8.257025	 358.591584	 0.668764
355.978464	 8.258567	 358.590288	 0.672769
355.978688	 8.258411	 358.590355	 0.676773
355.978665	 8.258053	 358.590020	 0.680778
355.978911	 8.257763	 358.590444	 0.684783
355.978598	 8.258321	 358.590266	 0.688787
355.980141	 8.256779	 358.591651	 0.692792
355.981951	 8.254902	 358.593328	 0.696796
355.981750	 8.255125	 358.593149	 0.700801
355.981996	 8.255013	 358.593775	 0.704805
355.979895	 8.257181	 358.591786	 0.708810
355.979001	 8.258210	 358.590824	 0.712815
355.979023	 8.258455	 358.590757	 0.716819
355.979358	 8.258120	 358.591093	 0.720824
355.978040	 8.259327	 358.590020	 0.724828
355.977615	 8.259528	 358.589595	 0.728833
355.978062	 8.258925	 358.589796	 0.732838
355.975559	 8.261764	 358.587226	 0.736842
355.974083	 8.263507	 358.585952	 0.740847
355.972362	 8.265094	 358.584342	 0.744851
355.972519	 8.264893	 358.584611	 0.748856
355.976229	 8.261182	 358.588120	 0.752860
355.979358	 8.257897	 358.591026	 0.756865
355.978397	 8.258835	 358.589997	 0.760870
355.977526	 8.259864	 358.589305	 0.764874
355.978353	 8.258903	 358.590154	 0.768879
355.978241	 8.258925	 358.589752	 0.772883
355.978308	 8.258813	 358.589573	 0.776888
355.976430	 8.261071	 358.588008	 0.780892
355.975581	 8.261875	 358.587382	 0.784897
355.975536	 8.261853	 358.587427	 0.788902
355.977861	 8.259618	 358.589796	 0.792906
355.978889	 8.258455	 358.590489	 0.796911
355.980834	 8.256556	 358.592434	 0.800915
355.980163	 8.257204	 358.591942	 0.804920
355.977011	 8.260311	 358.588634	 0.808924
355.978464	 8.258835	 358.590020	 0.812929
355.981370	 8.255907	 358.592769	 0.816934
355.981906	 8.255662	 358.593440	 0.820938
355.981258	 8.256332	 358.593149	 0.824943
355.980454	 8.256869	 358.592277	 0.828947
355.982979	 8.254298	 358.594512	 0.832952
355.984477	 8.252957	 358.595898	 0.836957
355.983628	 8.253806	 358.595161	 0.840961
355.983002	 8.254164	 358.594624	 0.844966
355.983404	 8.253628	 358.594870	 0.848970
355.983985	 8.253024	 358.595071	 0.852975
355.982845	 8.254253	 358.593820	 0.856979
355.981459	 8.255729	 358.592613	 0.860984
355.978442	 8.258724	 358.589752	 0.864989
355.977168	 8.259975	 358.588656	 0.868993
355.979604	 8.257606	 358.590981	 0.872998
355.979872	 8.257248	 358.590824	 0.877002
355.981281	 8.255974	 358.592434	 0.881007
355.981102	 8.256064	 358.592501	 0.885011
355.981459	 8.255818	 358.592970	 0.889016
355.981370	 8.256041	 358.592814	 0.893021
355.981795	 8.255483	 358.592836	 0.897025
355.984388	 8.252689	 358.595362	 0.901030
355.981214	 8.255907	 358.592411	 0.905034
355.977973	 8.259238	 358.589260	 0.909039
355.978330	 8.259104	 358.589796	 0.913043
355.979940	 8.257763	 358.591316	 0.917048
355.980856	 8.256869	 358.592255	 0.921053
355.977660	 8.260065	 358.589237	 0.925057
355.977347	 8.260288	 358.589059	 0.929062
355.977950	 8.259685	 358.589595	 0.933066
355.976386	 8.261406	 358.587852	 0.937071
355.976833	 8.260892	 358.588321	 0.941076
355.976475	 8.261093	 358.587807	 0.945080
355.978576	 8.258724	 358.589863	 0.949085
355.981616	 8.255594	 358.592948	 0.953089
355.982711	 8.254857	 358.594110	 0.957094
355.980789	 8.256779	 358.592188	 0.961098
355.979805	 8.257606	 358.591160	 0.965103
355.977615	 8.259819	 358.589036	 0.969108
355.975715	 8.261898	 358.586980	 0.973112
355.979917	 8.257919	 358.591093	 0.977117
355.981750	 8.256064	 358.593060	 0.981121
355.979738	 8.257964	 358.591316	 0.985126
355.979224	 8.258567	 358.590936	 0.989130
355.979515	 8.258254	 358.591137	 0.993135
355.979135	 8.258768	 358.590601	 0.997140
355.980565	 8.257226	 358.592054	 1.001144
355.980498	 8.257070	 358.592054	 1.005149
355.981929	 8.255214	 358.593216	 1.009153
355.979694	 8.257450	 358.590713	 1.013158
355.979917	 8.257427	 358.590824	 1.017162
355.984388	 8.253069	 358.595339	 1.021167
355.984298	 8.252979	 358.595362	 1.025172
355.980275	 8.257092	 358.591450	 1.029176
355.980364	 8.257271	 358.591629	 1.033181
355.983024	 8.254857	 358.594490	 1.037185
355.982219	 8.255684	 358.593663	 1.041190
355.979738	 8.258053	 358.591361	 1.045195
355.978330	 8.259305	 358.589908	 1.049199
355.978733	 8.259193	 358.590310	 1.053204
355.982644	 8.255214	 358.593954	 1.057208
355.982532	 8.255416	 358.593820	 1.061213
355.980074	 8.257964	 358.591719	 1.065217
355.978934	 8.259193	 358.590713	 1.069222
355.980342	 8.257807	 358.591897	 1.073227
355.983583	 8.254320	 358.594825	 1.077231
355.983471	 8.254209	 358.594557	 1.081236
355.982912	 8.254633	 358.594021	 1.085240
355.982197	 8.255617	 358.593507	 1.089245
355.982510	 8.255617	 358.593864	 1.093249
355.982756	 8.255438	 358.593998	 1.097254
355.980364	 8.257740	 358.591763	 1.101259
355.980767	 8.257248	 358.592367	 1.105263
355.981705	 8.256310	 358.593238	 1.109268
355.981124	 8.256757	 358.592456	 1.113272
355.982197	 8.255550	 358.593238	 1.117277
355.983717	 8.253896	 358.594624	 1.121281
355.982599	 8.255080	 358.593753	 1.125286
355.981906	 8.255952	 358.593305	 1.129291
355.981750	 8.256176	 358.593104	 1.133295
355.983024	 8.254857	 358.594132	 1.137300
355.982935	 8.254902	 358.594110	 1.141304
355.980588	 8.257248	 358.592054	 1.145309
355.980789	 8.256734	 358.592121	 1.149314
355.982868	 8.254924	 358.594065	 1.153318
355.983471	 8.254566	 358.594669	 1.157323
355.982421	 8.255483	 358.593484	 1.161327
355.980252	 8.257628	 358.591383	 1.165332
355.979850	 8.257941	 358.591160	 1.169336
355.981817	 8.256064	 358.593037	 1.173341
355.982130	 8.255952	 358.593127	 1.177346
355.981549	 8.256712	 358.592881	 1.181350
355.982644	 8.255527	 358.594200	 1.185355
355.982421	 8.255751	 358.593954	 1.189359
355.982935	 8.255125	 358.594110	 1.193364
355.981772	 8.256220	 358.592747	 1.197368
355.979582	 8.258321	 358.590579	 1.201373
355.978040	 8.259998	 358.589416	 1.205378
355.978755	 8.259439	 358.590310	 1.209382
355.980051	 8.258031	 358.591495	 1.213387
355.979023	 8.259104	 358.590266	 1.217391
355.977906	 8.260512	 358.589126	 1.221396
355.978688	 8.259528	 358.590020	 1.225400
355.979492	 8.258299	 358.590534	 1.229405
355.980588	 8.257383	 358.591651	 1.233410
355.981817	 8.256041	 358.592523	 1.237414
355.982063	 8.255863	 358.592881	 1.241419
355.980521	 8.257427	 358.591629	 1.245423
355.977593	 8.260288	 358.588701	 1.249428
355.979247	 8.258746	 358.590132	 1.253432
355.983337	 8.254812	 358.594155	 1.257437
355.986176	 8.251750	 358.596949	 1.261442
355.982868	 8.255013	 358.593730	 1.265446
355.980185	 8.257852	 358.591160	 1.269451
355.979582	 8.258545	 358.590422	 1.273455
355.981839	 8.256243	 358.592501	 1.277460
355.981526	 8.256444	 358.592031	 1.281465
355.982309	 8.255706	 358.592993	 1.285469
355.979738	 8.258254	 358.590601	 1.289474
355.979694	 8.258254	 358.590534	 1.293478
355.982868	 8.255214	 358.593462	 1.297483
355.981661	 8.256444	 358.592367	 1.301487
355.978330	 8.259618	 358.589014	 1.305492
355.978107	 8.259752	 358.588857	 1.309497
355.979224	 8.258746	 358.589975	 1.313501
355.981549	 8.256757	 358.592367	 1.317506
355.981750	 8.256533	 358.592367	 1.321510
355.979247	 8.259104	 358.590132	 1.325515
355.979068	 8.259283	 358.590266	 1.329519
355.979560	 8.258925	 358.590735	 1.333524
355.979247	 8.259260	 358.590020	 1.337529
355.978531	 8.259931	 358.589260	 1.341533
355.977503	 8.260869	 358.588410	 1.345538
355.977794	 8.260668	 358.589014	 1.349542
355.977816	 8.260601	 358.589036	 1.353547
355.977458	 8.260981	 358.588478	 1.357551
355.976877	 8.261674	 358.587896	 1.361556
355.977347	 8.261205	 358.588612	 1.365561
355.979671	 8.258724	 358.590914	 1.369565
355.980588	 8.257517	 358.591495	 1.373570
355.979917	 8.258277	 358.590489	 1.377574
355.980252	 8.257986	 358.590869	 1.381579
355.981169	 8.257070	 358.592076	 1.385584
355.980610	 8.257606	 358.591473	 1.389588
355.980543	 8.257807	 358.591383	 1.393593
355.981817	 8.256645	 358.592613	 1.397597
355.982599	 8.255863	 358.593417	 1.401602
355.982443	 8.256131	 358.593395	 1.405606
355.981571	 8.256913	 358.592702	 1.409611
355.982823	 8.255706	 358.593842	 1.413616
355.982421	 8.256153	 358.593261	 1.417620
355.981370	 8.257070	 358.592277	 1.421625
355.980185	 8.258076	 358.591137	 1.425629
355.981124	 8.256712	 358.591830	 1.429634
355.980252	 8.257584	 358.590713	 1.433638
355.982309	 8.255863	 358.592769	 1.437643
355.985617	 8.252733	 358.596122	 1.441648
355.984432	 8.253873	 358.595094	 1.445652
355.983069	 8.255349	 358.593909	 1.449657
355.983471	 8.255103	 358.594200	 1.453661
355.983650	 8.254745	 358.594177	 1.457666
355.983650	 8.254432	 358.594289	 1.461670
355.981683	 8.256176	 358.592277	 1.465675
355.980945	 8.256869	 358.591540	 1.469680
355.982309	 8.255550	 358.592724	 1.473684
355.981817	 8.256243	 358.592054	 1.477689
355.983046	 8.254879	 358.593216	 1.481693
355.983717	 8.254253	 358.594110	 1.485698
355.982398	 8.255460	 358.593015	 1.489703
355.984723	 8.253136	 358.595049	 1.493707
355.984455	 8.253784	 358.594669	 1.497712
355.984656	 8.253717	 358.595116	 1.501716
355.983583	 8.254566	 358.594065	 1.505721
355.982756	 8.255080	 358.593238	 1.509725
355.981705	 8.256153	 358.592054	 1.513730
355.982465	 8.255371	 358.592702	 1.517735
355.981974	 8.256041	 358.592121	 1.521739
355.979962	 8.257897	 358.590221	 1.525744
355.981571	 8.256354	 358.591853	 1.529748
355.981236	 8.256801	 358.591361	 1.533753
355.982868	 8.255170	 358.592814	 1.537757
355.982845	 8.255170	 358.592769	 1.541762
355.981370	 8.256533	 358.591651	 1.545767
355.981817	 8.256086	 358.592188	 1.549771
355.981795	 8.256041	 358.591853	 1.553776
355.984164	 8.253829	 358.594155	 1.557780
355.984611	 8.253717	 358.595049	 1.561785
355.980051	 8.258478	 358.590713	 1.565789
355.979671	 8.258925	 358.590355	 1.569794
355.982465	 8.256153	 358.593060	 1.573799
355.982219	 8.256578	 358.592568	 1.577803
355.981124	 8.257740	 358.591540	 1.581808
355.980834	 8.257897	 358.591540	 1.585812
355.979694	 8.258634	 358.590221	 1.589817
355.980185	 8.258165	 358.590355	 1.593822
355.981683	 8.256936	 358.591964	 1.597826
355.982242	 8.256421	 358.592523	 1.601831
355.985147	 8.253180	 358.595183	 1.605835
355.985952	 8.252376	 358.596055	 1.609840
355.985058	 8.253426	 358.595049	 1.613844
355.985617	 8.252845	 358.595541	 1.617849
355.984812	 8.253739	 358.594870	 1.621854
355.983225	 8.255349	 358.593462	 1.625858
355.981884	 8.256690	 358.591964	 1.629863
355.983203	 8.255483	 358.593104	 1.633867
355.984164	 8.254455	 358.593931	 1.637872
355.984969	 8.253493	 358.594602	 1.641876
355.984477	 8.254030	 358.594445	 1.645881
355.985080	 8.253516	 358.595384	 1.649886
355.985527	 8.252957	 358.595429	 1.653890
355.987383	 8.251236	 358.596904	 1.657895
355.988612	 8.250029	 358.598089	 1.661899
355.985595	 8.253046	 358.595250	 1.665904
355.984052	 8.254879	 358.594289	 1.669908
355.985326	 8.253784	 358.595541	 1.673913
355.986019	 8.253113	 358.595965	 1.677918
355.987941	 8.251102	 358.597865	 1.681922
355.985930	 8.253225	 358.596032	 1.685927
355.984924	 8.254410	 358.594960	 1.689931
355.986466	 8.252935	 358.596524	 1.693936
355.987003	 8.252353	 358.596792	 1.697941
355.985997	 8.253002	 358.595384	 1.701945
355.983516	 8.255259	 358.593015	 1.705950
355.982577	 8.256377	 358.592076	 1.709954
355.982465	 8.256578	 358.591920	 1.713959
355.982309	 8.256600	 358.591540	 1.717963
355.982622	 8.256220	 358.591674	 1.721968
355.982197	 8.256578	 358.591383	 1.725973
355.982354	 8.256578	 358.591763	 1.729977
355.983650	 8.255438	 358.592814	 1.733982
355.985103	 8.254075	 358.593998	 1.737986
355.986265	 8.252711	 358.595272	 1.741991
355.984924	 8.254119	 358.594155	 1.745995
355.984991	 8.254253	 358.594602	 1.750000
355.985237	 8.254142	 358.594736	 1.754005
355.985773	 8.253449	 358.594714	 1.758009
355.986064	 8.253292	 358.594870	 1.762014
355.986243	 8.252935	 358.595339	 1.766018
355.986824	 8.252219	 358.595965	 1.770023
355.985729	 8.253471	 358.594691	 1.774027
355.986220	 8.253091	 358.594960	 1.778032
355.986265	 8.253113	 358.594937	 1.782037
355.983024	 8.256198	 358.591920	 1.786041
355.982711	 8.256511	 358.591651	 1.790046
355.987137	 8.252353	 358.596077	 1.794050
355.989730	 8.249917	 358.598491	 1.798055
355.989305	 8.250521	 358.598290	 1.802059
355.983985	 8.255997	 358.593171	 1.806064
355.984164	 8.255639	 358.593417	 1.810069
355.986600	 8.253069	 358.595608	 1.814073
355.987696	 8.252421	 358.596837	 1.818078
355.986220	 8.253739	 358.595339	 1.822082
355.983404	 8.256466	 358.592590	 1.826087
355.983270	 8.256645	 358.592546	 1.830092
355.984723	 8.255393	 358.593998	 1.834096
355.982957	 8.257204	 358.592009	 1.838101
355.982845	 8.257293	 358.591897	 1.842105
355.983024	 8.257092	 358.592233	 1.846110
355.984030	 8.255997	 358.593373	 1.850114
355.984343	 8.255706	 358.593730	 1.854119
355.985706	 8.254455	 358.594848	 1.858124
355.986600	 8.253628	 358.595697	 1.862128
355.985662	 8.254566	 358.594892	 1.866133
355.982711	 8.257517	 358.591920	 1.870137
355.984097	 8.256265	 358.593373	 1.874142
355.985952	 8.254343	 358.594915	 1.878146
355.985863	 8.254522	 358.595004	 1.882151
355.983561	 8.256757	 358.592948	 1.886156
355.983538	 8.256712	 358.592926	 1.890160
355.986667	 8.253337	 358.595787	 1.894165
355.986958	 8.252912	 358.595630	 1.898169
355.985818	 8.254298	 358.594580	 1.902174
355.983873	 8.256399	 358.592836	 1.906178
355.983695	 8.256489	 358.592836	 1.910183
355.986086	 8.254164	 358.595205	 1.914188
355.988098	 8.252063	 358.596904	 1.918192
355.989484	 8.250409	 358.597977	 1.922197
355.988120	 8.251661	 358.596703	 1.926201
355.986958	 8.253002	 358.595742	 1.930206
355.985930	 8.254253	 358.594669	 1.934211
355.983940	 8.256332	 358.592501	 1.938215
355.984566	 8.255282	 358.592926	 1.942220
355.986064	 8.253717	 358.594490	 1.946224
355.986265	 8.253449	 358.594915	 1.950229
355.987047	 8.252689	 358.595697	 1.954233
355.989350	 8.250431	 358.597753	 1.958238
355.991093	 8.248710	 358.599363	 1.962243
355.989394	 8.250834	 358.598089	 1.966247
355.988657	 8.251728	 358.597709	 1.970252
355.988456	 8.251951	 358.597306	 1.974256
355.991205	 8.249202	 358.599877	 1.978261
355.990422	 8.249962	 358.599095	 1.982265
355.986377	 8.253918	 358.595161	 1.986270
355.985349	 8.254991	 358.594289	 1.990275
355.988143	 8.252286	 358.596837	 1.994279
355.992077	 8.248308	 358.600637	 1.998284
355.990422	 8.250208	 358.599095	 2.002288
355.989640	 8.250945	 358.598424	 2.006293
355.991294	 8.249202	 358.600100	 2.010297
355.993820	 8.246676	 358.602492	 2.014302
355.995094	 8.245424	 358.603498	 2.018307
355.994446	 8.246207	 358.602961	 2.022311
355.993842	 8.246877	 358.602626	 2.026316
355.992322	 8.248263	 358.601263	 2.030320
355.991272	 8.249157	 358.600123	 2.034325
355.994781	 8.245603	 358.603319	 2.038330
355.995832	 8.244754	 358.604459	 2.042334
355.996457	 8.244061	 358.605241	 2.046339
355.996212	 8.244396	 358.605018	 2.050343
355.997575	 8.242720	 358.605890	 2.054348
355.999229	 8.241088	 358.607253	 2.058352
355.997508	 8.242720	 358.605666	 2.062357
355.993820	 8.246631	 358.602179	 2.066362
355.991786	 8.248889	 358.600413	 2.070366
355.991764	 8.248755	 358.600167	 2.074371
355.995407	 8.245201	 358.603811	 2.078375
355.995340	 8.245626	 358.603856	 2.082380
355.993328	 8.247615	 358.601978	 2.086384
355.991942	 8.249023	 358.600749	 2.090389
355.993641	 8.247302	 358.602269	 2.094394
355.994602	 8.246251	 358.603051	 2.098398
355.994938	 8.245871	 358.603252	 2.102403
355.993820	 8.246989	 358.602134	 2.106407
355.991987	 8.248531	 358.600145	 2.110412
355.993418	 8.246989	 358.601352	 2.114416
355.995429	 8.244977	 358.603252	 2.118421
355.994826	 8.245469	 358.602671	 2.122426
355.991495	 8.248978	 358.599475	 2.126430
355.990177	 8.250454	 358.598648	 2.130435
355.992166	 8.248643	 358.600637	 2.134439
355.991406	 8.249381	 358.599609	 2.138444
355.989148	 8.251705	 358.597418	 2.142449
355.990177	 8.250834	 358.598759	 2.146453
355.989841	 8.251124	 358.598558	 2.150458
355.990758	 8.250275	 358.599408	 2.154462
355.993708	 8.247481	 358.602201	 2.158467
355.995519	 8.245626	 358.604057	 2.162471
355.995385	 8.245782	 358.604057	 2.166476
355.993440	 8.247771	 358.602313	 2.170481
355.994200	 8.247078	 358.602872	 2.174485
355.994334	 8.246810	 358.602649	 2.178490
355.994468	 8.246318	 358.602626	 2.182494
355.996904	 8.243703	 358.605174	 2.186499
355.995541	 8.245268	 358.603900	 2.190503
355.994356	 8.246520	 358.602537	 2.194508
355.993462	 8.247637	 358.601732	 2.198513
355.992568	 8.248420	 358.600816	 2.202517
355.992434	 8.248196	 358.600525	 2.206522
355.993328	 8.247280	 358.601442	 2.210526
355.992814	 8.247973	 358.600972	 2.214531
355.993820	 8.247034	 358.601866	 2.218535
355.994580	 8.246296	 358.602649	 2.222540
355.997508	 8.243525	 358.605912	 2.226545
355.996234	 8.244866	 358.604906	 2.230549
355.994088	 8.247078	 358.602604	 2.234554
355.995072	 8.246095	 358.603252	 2.238558
355.999475	 8.241558	 358.607454	 2.242563
355.998827	 8.242072	 358.606806	 2.246568
355.999073	 8.242072	 358.607387	 2.250572
355.997866	 8.243346	 358.606448	 2.254577
355.997664	 8.243502	 358.606225	 2.258581
355.997687	 8.243592	 358.606001	 2.262586
355.996390	 8.244955	 358.604839	 2.266590
355.993038	 8.248464	 358.601844	 2.270595
355.991965	 8.249671	 358.600659	 2.274600
355.992613	 8.249001	 358.601106	 2.278604
355.992412	 8.249045	 358.600950	 2.282609
355.990043	 8.251124	 358.598648	 2.286613
355.988567	 8.252756	 358.597418	 2.290618
355.989886	 8.251616	 358.598580	 2.294622
355.989975	 8.251616	 358.598402	 2.298627
355.992814	 8.248621	 358.600972	 2.302632
355.992233	 8.249001	 358.600637	 2.306636
355.993038	 8.248017	 358.601576	 2.310641
355.995228	 8.245961	 358.603654	 2.314645
355.997687	 8.243681	 358.605912	 2.318650
355.995966	 8.245313	 358.604235	 2.322654
355.995653	 8.245715	 358.604235	 2.326659
355.995474	 8.245983	 358.604459	 2.330664
355.997843	 8.243346	 358.606381	 2.334668
356.000570	 8.240440	 358.608706	 2.338673
356.000525	 8.240351	 358.608683	 2.342677
355.999475	 8.241491	 358.607588	 2.346682
355.996949	 8.244016	 358.605130	 2.350686
355.995474	 8.245871	 358.603632	 2.354691
355.994513	 8.246877	 358.602537	 2.358696
355.992367	 8.249001	 358.600480	 2.362700
355.989707	 8.251616	 358.598022	 2.366705
355.989573	 8.251504	 358.597977	 2.370709
355.991540	 8.249783	 358.599765	 2.374714
355.993105	 8.248464	 358.601218	 2.378719
355.992255	 8.249157	 358.600413	 2.382723
355.993999	 8.247414	 358.602336	 2.386728
355.993887	 8.247593	 358.602403	 2.390732
355.992702	 8.249045	 358.601173	 2.394737
355.992524	 8.249381	 358.600950	 2.398741
355.991920	 8.250029	 358.600480	 2.402746
355.991406	 8.250588	 358.600212	 2.406751
355.991518	 8.250387	 358.600547	 2.410755
355.991585	 8.250409	 358.600346	 2.414760
355.995563	 8.246408	 358.603990	 2.418764
355.997128	 8.244754	 358.605666	 2.422769
355.994602	 8.247369	 358.603341	 2.426773
355.993172	 8.248844	 358.602045	 2.430778
355.994491	 8.247525	 358.603118	 2.434783
355.995496	 8.246475	 358.603878	 2.438787
355.995675	 8.246251	 358.604057	 2.442792
355.990870	 8.250945	 358.599408	 2.446796
355.995273	 8.246654	 358.603945	 2.450801
355.998335	 8.243703	 358.606784	 2.454805
355.998044	 8.243949	 358.606135	 2.458810
355.997217	 8.244866	 358.605353	 2.462815
355.993552	 8.248487	 358.601889	 2.466819
355.991607	 8.250498	 358.600167	 2.470824
355.994043	 8.248285	 358.602559	 2.474828
355.997396	 8.244799	 358.605331	 2.478833
355.999520	 8.242385	 358.607007	 2.482838
356.000123	 8.241647	 358.607767	 2.486842
355.998894	 8.242966	 358.606761	 2.490847
355.997664	 8.244352	 358.605487	 2.494851
355.999028	 8.243055	 358.606582	 2.498856
356.002403	 8.239747	 358.610092	 2.502860
356.000816	 8.241289	 358.608415	 2.506865
355.997508	 8.244732	 358.605219	 2.510870
355.998156	 8.244195	 358.605800	 2.514874
355.999453	 8.243077	 358.606806	 2.518879
355.997620	 8.244955	 358.604951	 2.522883
355.998201	 8.244173	 358.605621	 2.526888
355.997687	 8.244575	 358.605286	 2.530892
355.997642	 8.244866	 358.605130	 2.534897
356.000302	 8.242250	 358.607476	 2.538902
356.002023	 8.240552	 358.609220	 2.542906
355.999006	 8.243614	 358.606515	 2.546911
355.998223	 8.244352	 358.605666	 2.550915
355.998559	 8.244061	 358.605890	 2.554920
355.998424	 8.244173	 358.605442	 2.558924
355.997866	 8.244620	 358.604906	 2.562929
355.998357	 8.244508	 358.605711	 2.566934
356.000034	 8.242832	 358.607655	 2.570938
356.001464	 8.241379	 358.608996	 2.574943
356.001800	 8.241289	 358.609108	 2.578947
355.999095	 8.244128	 358.606359	 2.582952
355.997687	 8.245424	 358.605062	 2.586957
355.998223	 8.244799	 358.605800	 2.590961
355.999251	 8.243972	 358.606739	 2.594966
355.999341	 8.243927	 358.606471	 2.598970
355.999564	 8.243525	 358.606538	 2.602975
356.001822	 8.241111	 358.608818	 2.606979
356.004169	 8.238764	 358.611276	 2.610984
356.003856	 8.239144	 358.610628	 2.614989
356.001934	 8.241222	 358.608751	 2.618993
356.000481	 8.242742	 358.607342	 2.622998
356.000660	 8.242273	 358.607476	 2.627002
355.999117	 8.243770	 358.605957	 2.631007
356.000257	 8.242630	 358.606873	 2.635011
356.002582	 8.240529	 358.609153	 2.639016
356.003990	 8.239367	 358.610650	 2.643021
356.001688	 8.241602	 358.608371	 2.647025
356.002291	 8.240954	 358.609242	 2.651030
356.005219	 8.238048	 358.611947	 2.655034
356.005152	 8.238093	 358.611567	 2.659039
356.003766	 8.239434	 358.609958	 2.663043
356.001196	 8.242072	 358.607767	 2.667048
356.001196	 8.242005	 358.607834	 2.671053
356.002470	 8.240999	 358.609019	 2.675057
356.004012	 8.239546	 358.610382	 2.679062
356.003878	 8.239658	 358.610360	 2.683066
356.004951	 8.238451	 358.611589	 2.687071
356.006471	 8.237355	 358.613467	 2.691076
356.008058	 8.236148	 358.615523	 2.695080
356.016015	 8.229376	 358.625447	 2.699085
356.016462	 8.229152	 358.626230	 2.703089
356.007946	 8.235970	 358.615411	 2.707094
356.004281	 8.239188	 358.610941	 2.711098
356.005465	 8.238361	 358.612215	 2.715103
356.008930	 8.235076	 358.615501	 2.719108
356.007432	 8.236417	 358.613914	 2.723112
356.003252	 8.240686	 358.609980	 2.727117
356.003386	 8.240574	 358.610203	 2.731121
356.005800	 8.238205	 358.612372	 2.735126
356.005823	 8.237981	 358.612059	 2.739130
356.005577	 8.238093	 358.611790	 2.743135
356.002761	 8.241043	 358.609108	 2.747140
356.001352	 8.242519	 358.607924	 2.751144
356.003252	 8.240887	 358.609958	 2.755149
356.004772	 8.239680	 358.611500	 2.759153
356.005488	 8.238853	 358.612237	 2.763158
356.006449	 8.237691	 358.613333	 2.767162
356.007991	 8.236037	 358.614786	 2.771167
356.006672	 8.237355	 358.613109	 2.775172
356.005376	 8.238428	 358.611612	 2.779176
356.005666	 8.238138	 358.612103	 2.783181
356.008170	 8.235657	 358.614607	 2.787185
356.007477	 8.236461	 358.613847	 2.791190
356.008237	 8.235634	 358.614584	 2.795195
356.010517	 8.233332	 358.616685	 2.799199
356.007142	 8.236685	 358.613266	 2.803204
356.004392	 8.239278	 358.610628	 2.807208
356.005085	 8.238764	 358.611500	 2.811213
356.005845	 8.238160	 358.612126	 2.815217
356.007231	 8.237020	 358.613489	 2.819222
356.006918	 8.237244	 358.613199	 2.823227
356.004817	 8.239322	 358.611254	 2.827231
356.003588	 8.240552	 358.610136	 2.831236
356.005376	 8.238607	 358.611768	 2.835240
356.007566	 8.236484	 358.613735	 2.839245
356.005711	 8.238406	 358.611857	 2.843249
356.000861	 8.243346	 358.607298	 2.847254
355.999944	 8.244374	 358.606448	 2.851259
356.003722	 8.240373	 358.610025	 2.855263
356.006963	 8.237154	 358.612908	 2.859268
356.008505	 8.235657	 358.614450	 2.863272
356.008617	 8.235456	 358.614674	 2.867277
356.006896	 8.237199	 358.613131	 2.871281
356.008438	 8.235545	 358.614495	 2.875286
356.008617	 8.235344	 358.614450	 2.879291
356.006516	 8.237735	 358.612729	 2.883295
356.004504	 8.239926	 358.610941	 2.887300
356.004035	 8.240284	 358.610516	 2.891304
356.004482	 8.239680	 358.610785	 2.895309
356.009176	 8.235076	 358.615210	 2.899314
356.010181	 8.234316	 358.616462	 2.903318
356.008505	 8.235903	 358.614897	 2.907323
356.007119	 8.237288	 358.613579	 2.911327
356.007902	 8.236417	 358.614383	 2.915332
356.007365	 8.237020	 358.613735	 2.919336
356.006426	 8.238048	 358.612729	 2.923341
356.007320	 8.237065	 358.613735	 2.927346
356.006896	 8.237288	 358.613288	 2.931350
356.008416	 8.235925	 358.614741	 2.935355
356.010405	 8.234226	 358.616864	 2.939359
356.007946	 8.236663	 358.614294	 2.943364
356.005175	 8.238987	 358.611321	 2.947368
356.005018	 8.239166	 358.611254	 2.951373
356.005644	 8.238540	 358.611746	 2.955378
356.007164	 8.237177	 358.613266	 2.959382
356.007365	 8.236908	 358.613444	 2.963387
356.003409	 8.240842	 358.609823	 2.967391
356.001174	 8.243256	 358.607633	 2.971396
356.002425	 8.242005	 358.608751	 2.975400
356.003565	 8.241066	 358.609756	 2.979405
356.003252	 8.241356	 358.609443	 2.983410
356.004079	 8.240619	 358.610539	 2.987414
356.003565	 8.241111	 358.610203	 2.991419
356.002470	 8.242072	 358.608862	 2.995423
356.004102	 8.240596	 358.610449	 2.999428
356.002828	 8.242183	 358.609533	 3.003432
356.002738	 8.242072	 358.609399	 3.007437
356.003074	 8.241379	 358.609533	 3.011442
356.004035	 8.240328	 358.610516	 3.015446
356.005063	 8.239524	 358.611165	 3.019451
356.005488	 8.239412	 358.612014	 3.023455
356.007678	 8.237199	 358.614741	 3.027460
356.006628	 8.238384	 358.613869	 3.031465
356.004437	 8.240708	 358.611321	 3.035469
356.005331	 8.239546	 358.611768	 3.039474
356.005063	 8.239501	 358.611433	 3.043478
356.004661	 8.240015	 358.611388	 3.047483
356.004012	 8.240842	 358.610986	 3.051487
356.004392	 8.240619	 358.611165	 3.055492
356.005756	 8.239278	 358.612483	 3.059497
356.005331	 8.239814	 358.612148	 3.063501
356.006672	 8.238473	 358.613668	 3.067506
356.008282	 8.236707	 358.615344	 3.071510
356.007522	 8.237422	 358.614271	 3.075515
356.008013	 8.237043	 358.614607	 3.079519
356.010092	 8.234964	 358.616864	 3.083524
356.010874	 8.234226	 358.617915	 3.087529
356.009801	 8.235344	 358.616954	 3.091533
356.008349	 8.237020	 358.615523	 3.095538
356.008371	 8.236953	 358.615210	 3.099542
356.008349	 8.236685	 358.614920	 3.103547
356.006404	 8.238428	 358.613131	 3.107551
356.007253	 8.237624	 358.614160	 3.111556
356.008013	 8.236931	 358.614763	 3.115561
356.009086	 8.235925	 358.615590	 3.119565
356.008013	 8.237110	 358.614651	 3.123570
356.004549	 8.240619	 358.611477	 3.127574
356.004437	 8.240731	 358.611477	 3.131579
356.006717	 8.238495	 358.613556	 3.135584
356.010874	 8.234249	 358.617490	 3.139588
356.011567	 8.233354	 358.618049	 3.143593
356.008617	 8.236081	 358.615210	 3.147597
356.005398	 8.239322	 358.612304	 3.151602
356.005823	 8.239166	 358.612863	 3.155606
356.008952	 8.236037	 358.615635	 3.159611
356.009354	 8.235634	 358.615903	 3.163616
356.008013	 8.236931	 358.614741	 3.167620
356.007253	 8.237847	 358.614294	 3.171625
356.004415	 8.240909	 358.611567	 3.175629
356.003811	 8.241669	 358.610874	 3.179634
356.004504	 8.241066	 358.611567	 3.183638
356.006471	 8.238942	 358.613601	 3.187643
356.005175	 8.240194	 358.612327	 3.191648
356.005376	 8.240060	 358.612483	 3.195652
356.006851	 8.238786	 358.613780	 3.199657
356.006203	 8.239457	 358.613176	 3.203661
356.002202	 8.243346	 358.609376	 3.207666
356.000973	 8.244486	 358.608147	 3.211670
356.006069	 8.239211	 358.613131	 3.215675
356.007924	 8.237311	 358.614718	 3.219680
356.007276	 8.237892	 358.614070	 3.223684
356.003588	 8.241625	 358.610583	 3.227689
356.001040	 8.244039	 358.607856	 3.231693
356.003386	 8.241781	 358.610203	 3.235698
356.004661	 8.240731	 358.611276	 3.239703
356.005421	 8.239993	 358.612059	 3.243707
356.004057	 8.241356	 358.610941	 3.247712
356.002202	 8.243234	 358.609488	 3.251716
356.003386	 8.242295	 358.610695	 3.255721
356.007343	 8.238160	 358.614182	 3.259725
356.004593	 8.240820	 358.611388	 3.263730
356.002537	 8.242608	 358.609466	 3.267735
356.003431	 8.241714	 358.610472	 3.271739
356.006113	 8.239099	 358.613020	 3.275744
356.006583	 8.238562	 358.613243	 3.279748
356.006203	 8.238920	 358.612886	 3.283753
356.003811	 8.241289	 358.610695	 3.287757
356.002939	 8.242049	 358.609846	 3.291762
356.005890	 8.239233	 358.612662	 3.295767
356.004951	 8.240239	 358.611656	 3.299771
356.008125	 8.237177	 358.614853	 3.303776
356.006896	 8.238272	 358.613936	 3.307780
356.004281	 8.240887	 358.611165	 3.311785
356.003498	 8.241938	 358.610427	 3.315789
356.003118	 8.242407	 358.609734	 3.319794
356.002112	 8.243234	 358.608683	 3.323799
356.001576	 8.243882	 358.608527	 3.327803
356.001397	 8.244173	 358.608482	 3.331808
356.001420	 8.244262	 358.608371	 3.335812
356.002761	 8.242943	 358.609533	 3.339817
356.003096	 8.242563	 358.609890	 3.343822
356.000369	 8.245268	 358.607521	 3.347826
356.001755	 8.243815	 358.609041	 3.351831
356.003118	 8.242608	 358.610315	 3.355835
356.005331	 8.240529	 358.612506	 3.359840
356.005756	 8.240172	 358.612997	 3.363844
356.002090	 8.243837	 358.609533	 3.367849
356.001151	 8.244776	 358.608505	 3.371854
356.003074	 8.243010	 358.610270	 3.375858
356.004616	 8.241222	 358.611410	 3.379863
356.003275	 8.242273	 358.609890	 3.383867
356.002090	 8.243569	 358.609175	 3.387872
356.002358	 8.243435	 358.609689	 3.391876
356.004012	 8.241893	 358.611433	 3.395881
356.006046	 8.240015	 358.613266	 3.399886
356.005666	 8.240373	 358.612886	 3.403890
356.003431	 8.242407	 358.610896	 3.407895
356.003275	 8.242586	 358.610762	 3.411899
356.001576	 8.244419	 358.609019	 3.415904
356.001464	 8.244620	 358.608572	 3.419908
356.002448	 8.243435	 358.609578	 3.423913
356.002269	 8.243480	 358.609712	 3.427918
356.001531	 8.244262	 358.609019	 3.431922
356.002939	 8.243033	 358.610159	 3.435927
356.002358	 8.243614	 358.609376	 3.439931
356.003431	 8.242385	 358.610315	 3.443936
356.002291	 8.243480	 358.609488	 3.447941
356.003051	 8.242787	 358.610494	 3.451945
356.004035	 8.241714	 358.611209	 3.455950
356.003923	 8.241781	 358.610896	 3.459954
356.003588	 8.242139	 358.610673	 3.463959
356.003319	 8.242541	 358.610539	 3.467963
356.001464	 8.244240	 358.608706	 3.471968
356.001844	 8.244106	 358.609131	 3.475973
356.004817	 8.241401	 358.611947	 3.479977
356.006069	 8.239904	 358.613042	 3.483982
356.004146	 8.242005	 358.611522	 3.487986
356.001174	 8.244866	 358.608818	 3.491991
356.001241	 8.245000	 358.608751	 3.495995
356.000570	 8.245782	 358.607901	 3.500000
