356.053320	 8.267150	 358.655510	 0.000000
356.052538	 8.267776	 358.655265	 0.004005
356.051219	 8.268983	 358.653968	 0.008009
356.053432	 8.267061	 358.655957	 0.012014
356.057008	 8.263395	 358.659109	 0.016018
356.057366	 8.262948	 358.659467	 0.020023
356.056181	 8.263954	 358.658483	 0.024027
356.054885	 8.265295	 358.657276	 0.028032
356.055131	 8.265161	 358.657209	 0.032037
356.056673	 8.263708	 358.658371	 0.036041
356.057455	 8.262546	 358.658997	 0.040046
356.055958	 8.263641	 358.657924	 0.044050
356.053991	 8.265697	 358.656181	 0.048055
356.056606	 8.263328	 358.658483	 0.052059
356.059087	 8.260847	 358.660607	 0.056064
356.057813	 8.262322	 358.659735	 0.060069
356.056338	 8.263574	 358.658573	 0.064073
356.054505	 8.264915	 358.656628	 0.068078
356.055712	 8.263775	 358.657433	 0.072082
356.057232	 8.262568	 358.658684	 0.076087
356.055913	 8.263887	 358.657634	 0.080092
356.054661	 8.264803	 358.656784	 0.084096
356.051577	 8.267754	 358.653901	 0.088101
356.051040	 8.268469	 358.653275	 0.092105
356.053030	 8.266502	 358.654974	 0.096110
356.054505	 8.264803	 358.656606	 0.100114
356.052605	 8.266346	 358.655041	 0.104119
356.052784	 8.265653	 358.655019	 0.108124
356.054393	 8.263976	 358.656248	 0.112128
356.054997	 8.263507	 358.656650	 0.116133
356.055175	 8.263060	 358.656963	 0.120137
356.052426	 8.265407	 358.654505	 0.124142
356.053119	 8.264759	 358.655443	 0.128146
356.053544	 8.264736	 358.655756	 0.132151
356.052672	 8.265541	 358.654616	 0.136156
356.055019	 8.263015	 358.657097	 0.140160
356.053924	 8.263865	 358.656404	 0.144165
356.053387	 8.264468	 358.656024	 0.148169
356.053901	 8.264245	 358.656472	 0.152174
356.054930	 8.263216	 358.657008	 0.156178
356.054505	 8.263395	 358.656673	 0.160183
356.053901	 8.263775	 358.656360	 0.164188
356.055399	 8.262233	 358.657768	 0.168192
356.056114	 8.261786	 358.658327	 0.172197
356.056695	 8.261339	 358.658595	 0.176201
356.057478	 8.260713	 358.659333	 0.180206
356.056964	 8.261182	 358.659176	 0.184211
356.056293	 8.261898	 358.658662	 0.188215
356.055354	 8.262903	 358.657366	 0.192220
356.055310	 8.263239	 358.656919	 0.196224
356.056338	 8.262211	 358.657924	 0.200229
356.055555	 8.262948	 358.657276	 0.204233
356.053097	 8.265429	 358.654885	 0.208238
356.053209	 8.265072	 358.654572	 0.212243
356.054348	 8.264356	 358.655756	 0.216247
356.055801	 8.263105	 358.657366	 0.220252
356.055421	 8.263351	 358.657075	 0.224256
356.052538	 8.266323	 358.654214	 0.228261
356.053074	 8.265921	 358.654482	 0.232265
356.053343	 8.265630	 358.654616	 0.236270
356.053454	 8.265362	 358.654505	 0.240275
356.053276	 8.265139	 358.654303	 0.244279
356.053991	 8.264334	 358.654974	 0.248284
356.055243	 8.263283	 358.656092	 0.252288
356.056092	 8.262524	 358.656784	 0.256293
356.056807	 8.261853	 358.657656	 0.260297
356.054907	 8.263775	 358.656248	 0.264302
356.054058	 8.264692	 358.655354	 0.268307
356.054371	 8.264289	 358.655399	 0.272311
356.053432	 8.265206	 358.654259	 0.276316
356.052449	 8.266189	 358.653521	 0.280320
356.053164	 8.265452	 358.654527	 0.284325
356.053656	 8.265049	 358.655309	 0.288330
356.055108	 8.263798	 358.656516	 0.292334
356.057589	 8.261227	 358.658774	 0.296339
356.057724	 8.261093	 358.658975	 0.300343
356.056718	 8.261808	 358.657902	 0.304348
356.054930	 8.263708	 358.656382	 0.308352
356.055690	 8.262971	 358.656807	 0.312357
356.057008	 8.261406	 358.657790	 0.316362
356.057813	 8.260601	 358.658751	 0.320366
356.057724	 8.260668	 358.658751	 0.324371
356.054281	 8.264245	 358.655600	 0.328375
356.054997	 8.263887	 358.656293	 0.332380
356.058618	 8.260489	 358.659847	 0.336384
356.060205	 8.258478	 358.661232	 0.340389
356.055578	 8.263060	 358.656986	 0.344394
356.052270	 8.266592	 358.653968	 0.348398
356.054438	 8.264669	 358.655980	 0.352403
356.053946	 8.265072	 358.655130	 0.356407
356.055198	 8.263753	 358.656650	 0.360412
356.054393	 8.264625	 358.656002	 0.364416
356.054818	 8.264178	 358.656539	 0.368421
356.055444	 8.263507	 358.657187	 0.372426
356.054997	 8.264066	 358.656404	 0.376430
356.054550	 8.264580	 358.656069	 0.380435
356.054684	 8.264356	 358.656315	 0.384439
356.053499	 8.265295	 358.655019	 0.388444
356.054997	 8.263574	 358.656181	 0.392449
356.057209	 8.261451	 358.658215	 0.396453
356.058305	 8.260221	 358.659444	 0.400458
356.058528	 8.260042	 358.659847	 0.404462
356.057522	 8.261294	 358.658953	 0.408467
356.057746	 8.261384	 358.659310	 0.412471
356.060383	 8.258433	 358.661545	 0.416476
356.058908	 8.259975	 358.660137	 0.420481
356.057522	 8.261182	 358.658908	 0.424485
356.057031	 8.261719	 358.658438	 0.428490
356.057902	 8.260937	 358.659221	 0.432494
356.059534	 8.259394	 358.660897	 0.436499
356.058595	 8.260288	 358.660092	 0.440503
356.058662	 8.260177	 358.660092	 0.444508
356.058439	 8.260378	 358.659891	 0.448513
356.057299	 8.261495	 358.658528	 0.452517
356.056718	 8.262233	 358.657746	 0.456522
356.057254	 8.261786	 358.658528	 0.460526
356.056830	 8.262166	 358.658416	 0.464531
356.057768	 8.260892	 358.659377	 0.468535
356.058729	 8.259864	 358.659958	 0.472540
356.061032	 8.257494	 358.662059	 0.476545
356.059601	 8.259104	 358.660718	 0.480549
356.057545	 8.261227	 358.659087	 0.484554
356.056584	 8.262233	 358.658260	 0.488558
356.058484	 8.260288	 358.659936	 0.492563
356.057634	 8.261138	 358.658885	 0.496568
356.058260	 8.260802	 358.659556	 0.500572
356.056517	 8.262680	 358.658327	 0.504577
356.053834	 8.265228	 358.655667	 0.508581
356.053231	 8.265988	 358.654862	 0.512586
356.055667	 8.263507	 358.656986	 0.516590
356.056405	 8.262725	 358.657768	 0.520595
356.055198	 8.263887	 358.656874	 0.524600
356.056025	 8.262971	 358.657634	 0.528604
356.055958	 8.262680	 358.657142	 0.532609
356.056315	 8.262322	 358.657276	 0.536613
356.055444	 8.263418	 358.656472	 0.540618
356.056114	 8.262725	 358.657366	 0.544622
356.055064	 8.263775	 358.656427	 0.548627
356.056427	 8.262546	 358.657589	 0.552632
356.056181	 8.262926	 358.657187	 0.556636
356.055555	 8.263216	 358.656472	 0.560641
356.055801	 8.262926	 358.656919	 0.564645
356.055511	 8.263194	 358.656874	 0.568650
356.055086	 8.263865	 358.656427	 0.572654
356.057187	 8.261831	 358.658304	 0.576659
356.056830	 8.262188	 358.657924	 0.580664
356.054840	 8.264133	 358.656226	 0.584668
356.056807	 8.262032	 358.657969	 0.588673
356.058819	 8.259998	 358.659824	 0.592677
356.057969	 8.261160	 358.659020	 0.596682
356.056204	 8.263038	 358.657366	 0.600686
356.055421	 8.263730	 358.656874	 0.604691
356.053790	 8.265407	 358.655399	 0.608696
356.055287	 8.263842	 358.656583	 0.612700
356.056338	 8.262725	 358.657433	 0.616705
356.055846	 8.263239	 358.656986	 0.620709
356.053052	 8.266100	 358.654415	 0.624714
356.053611	 8.265586	 358.655063	 0.628719
356.054997	 8.263999	 358.656092	 0.632723
356.056137	 8.262635	 358.656740	 0.636728
356.055779	 8.262971	 358.656404	 0.640732
356.055131	 8.263440	 358.655980	 0.644737
356.055354	 8.263239	 358.656270	 0.648741
356.055444	 8.263395	 358.656337	 0.652746
356.053790	 8.265452	 358.654840	 0.656751
356.052270	 8.267039	 358.653275	 0.660755
356.050660	 8.268178	 358.651487	 0.664760
356.049990	 8.268827	 358.650973	 0.668764
356.053879	 8.265161	 358.654907	 0.672769
356.055958	 8.262971	 358.656740	 0.676773
356.054751	 8.264423	 358.655913	 0.680778
356.054214	 8.265161	 358.655712	 0.684783
356.053589	 8.265697	 358.655130	 0.688787
356.054773	 8.264423	 358.656092	 0.692792
356.056919	 8.262389	 358.658103	 0.696796
356.058931	 8.260177	 358.660070	 0.700801
356.060026	 8.258858	 358.661277	 0.704805
356.060361	 8.258366	 358.661612	 0.708810
356.059065	 8.259886	 358.660092	 0.712815
356.060071	 8.258768	 358.660942	 0.716819
356.062507	 8.256243	 358.663356	 0.720824
356.060607	 8.258098	 358.661545	 0.724828
356.059065	 8.259551	 358.660092	 0.728833
356.058260	 8.260512	 358.659198	 0.732838
356.060652	 8.258321	 358.661456	 0.736842
356.061143	 8.257919	 358.662037	 0.740847
356.059378	 8.259573	 358.660607	 0.744851
356.056628	 8.262389	 358.658103	 0.748856
356.054997	 8.264289	 358.656382	 0.752860
356.056695	 8.262792	 358.657991	 0.756865
356.058931	 8.260333	 358.660115	 0.760870
356.057500	 8.261674	 358.658707	 0.764874
356.054907	 8.264356	 358.656315	 0.768879
356.054147	 8.265139	 358.655399	 0.772883
356.055019	 8.264401	 358.656114	 0.776888
356.056986	 8.262345	 358.658014	 0.780892
356.058104	 8.261093	 358.659221	 0.784897
356.056762	 8.262412	 358.658058	 0.788902
356.057522	 8.261652	 358.658595	 0.792906
356.058349	 8.260959	 358.659310	 0.796911
356.056003	 8.263462	 358.657187	 0.800915
356.053477	 8.266010	 358.654996	 0.804920
356.053410	 8.265899	 358.654907	 0.808924
356.057746	 8.261160	 358.658774	 0.812929
356.061434	 8.257472	 358.662127	 0.816934
356.061278	 8.257718	 358.662127	 0.820938
356.059266	 8.259819	 358.660338	 0.824943
356.055399	 8.263730	 358.656449	 0.828947
356.056517	 8.262546	 358.657589	 0.832952
356.057969	 8.261115	 358.658908	 0.836957
356.058439	 8.260646	 358.659221	 0.840961
356.056964	 8.262166	 358.658103	 0.844966
356.056248	 8.262859	 358.657589	 0.848970
356.056181	 8.262926	 358.657500	 0.852975
356.056941	 8.262613	 358.658170	 0.856979
356.055287	 8.264110	 358.656427	 0.860984
356.056472	 8.262412	 358.657544	 0.864989
356.057008	 8.262076	 358.658170	 0.868993
356.057858	 8.261317	 358.658863	 0.872998
356.059020	 8.260154	 358.659869	 0.877002
356.056673	 8.262412	 358.657433	 0.881007
356.054237	 8.264870	 358.655287	 0.885011
356.052829	 8.266323	 358.654080	 0.889016
356.052650	 8.266636	 358.653834	 0.893021
356.056070	 8.263239	 358.656986	 0.897025
356.056874	 8.262144	 358.657746	 0.901030
356.055198	 8.263865	 358.656159	 0.905034
356.056137	 8.262903	 358.657209	 0.909039
356.055533	 8.263529	 358.656516	 0.913043
356.054214	 8.264759	 358.654840	 0.917048
356.054483	 8.264535	 358.655197	 0.921053
356.055779	 8.263172	 358.656740	 0.925057
356.057925	 8.260780	 358.658997	 0.929062
356.056226	 8.262434	 358.656919	 0.933066
356.059154	 8.259595	 358.659735	 0.937071
356.061300	 8.257450	 358.661836	 0.941076
356.061590	 8.257070	 358.662171	 0.945080
356.059132	 8.259640	 358.659936	 0.949085
356.055399	 8.263596	 358.656404	 0.953089
356.054103	 8.265183	 358.655197	 0.957094
356.055444	 8.263887	 358.656583	 0.961098
356.054930	 8.264401	 358.656360	 0.965103
356.053231	 8.266100	 358.654750	 0.969108
356.054438	 8.264937	 358.655801	 0.973112
356.056651	 8.262792	 358.657813	 0.977117
356.058975	 8.260512	 358.660204	 0.981121
356.056450	 8.262993	 358.657924	 0.985126
356.056137	 8.263351	 358.657634	 0.989130
356.057366	 8.261920	 358.658550	 0.993135
356.056405	 8.262903	 358.657611	 0.997140
356.054460	 8.265161	 358.655600	 1.001144
356.054214	 8.265295	 358.655421	 1.005149
356.054930	 8.264468	 358.656248	 1.009153
356.053097	 8.266524	 358.654549	 1.013158
356.056181	 8.263574	 358.657589	 1.017162
356.061367	 8.259126	 358.664183	 1.021167
356.066798	 8.254455	 358.671470	 1.025172
356.066553	 8.254767	 358.671402	 1.029176
356.069481	 8.251906	 358.674219	 1.033181
356.071202	 8.250230	 358.675873	 1.037185
356.071425	 8.250051	 358.676186	 1.041190
356.070106	 8.251214	 358.675001	 1.045195
356.068497	 8.252733	 358.673794	 1.049199
356.070084	 8.251303	 358.675247	 1.053204
356.073437	 8.247995	 358.678264	 1.057208
356.072610	 8.248800	 358.677460	 1.061213
356.067849	 8.253493	 358.672878	 1.065217
356.064854	 8.256489	 358.670151	 1.069222
356.068676	 8.252666	 358.673816	 1.073227
356.068676	 8.252644	 358.673705	 1.077231
356.067044	 8.254209	 358.672229	 1.081236
356.067916	 8.253404	 358.673057	 1.085240
356.068989	 8.252443	 358.674174	 1.089245
356.070978	 8.250498	 358.675918	 1.093249
356.070174	 8.251258	 358.675113	 1.097254
356.067514	 8.253963	 358.672855	 1.101259
356.064541	 8.256556	 358.669525	 1.105263
356.060763	 8.258545	 358.662775	 1.109268
356.059489	 8.259506	 358.660562	 1.113272
356.061322	 8.257763	 358.662037	 1.117277
356.062954	 8.256332	 358.664004	 1.121281
356.060763	 8.258835	 358.662171	 1.125286
356.058171	 8.261182	 358.659556	 1.129291
356.058238	 8.261115	 358.659489	 1.133295
356.058864	 8.260489	 358.660048	 1.137300
356.058238	 8.261004	 358.659355	 1.141304
356.055757	 8.263641	 358.657164	 1.145309
356.054125	 8.265340	 358.655533	 1.149314
356.054125	 8.265474	 358.655354	 1.153318
356.056338	 8.263306	 358.657544	 1.157323
356.057411	 8.261942	 358.658528	 1.161327
356.056561	 8.262747	 358.657723	 1.165332
356.058148	 8.261071	 358.659444	 1.169336
356.057679	 8.261495	 358.658863	 1.173341
356.056450	 8.262792	 358.657388	 1.177346
356.057299	 8.261831	 358.658081	 1.181350
356.056628	 8.262233	 358.657634	 1.185355
356.057411	 8.261406	 358.658438	 1.189359
356.058416	 8.260422	 358.659154	 1.193364
356.058662	 8.260110	 358.659221	 1.197368
356.059914	 8.258880	 358.660495	 1.201373
356.059914	 8.258880	 358.660875	 1.205378
356.057925	 8.260892	 358.659087	 1.209382
356.058484	 8.260489	 358.659556	 1.213387
356.058908	 8.260378	 358.659936	 1.217391
356.058752	 8.260489	 358.659936	 1.221396
356.058595	 8.260624	 358.660092	 1.225400
356.057657	 8.261607	 358.659176	 1.229405
356.057299	 8.261786	 358.658394	 1.233410
356.058282	 8.260780	 358.659087	 1.237414
356.057902	 8.261026	 358.658818	 1.241419
356.054170	 8.264893	 358.655644	 1.245423
356.053007	 8.266279	 358.654683	 1.249428
356.051800	 8.267486	 358.653163	 1.253432
356.053052	 8.266144	 358.654259	 1.257437
356.052940	 8.266189	 358.654102	 1.261442
356.052694	 8.266480	 358.654080	 1.265446
356.052762	 8.266435	 358.654303	 1.269451
356.053030	 8.266144	 358.654303	 1.273455
356.055064	 8.264066	 358.656069	 1.277460
356.055578	 8.263708	 358.656539	 1.281465
356.053432	 8.265742	 358.654706	 1.285469
356.053901	 8.265161	 358.655488	 1.289474
356.054214	 8.264848	 358.655466	 1.293478
356.053544	 8.265452	 358.654505	 1.297483
356.052829	 8.265809	 358.653499	 1.301487
356.051152	 8.267374	 358.652113	 1.305492
356.051286	 8.267664	 358.652560	 1.309497
356.053879	 8.265049	 358.654862	 1.313501
356.054997	 8.263909	 358.655980	 1.317506
356.055287	 8.263842	 358.656516	 1.321510
356.053343	 8.265832	 358.654795	 1.325515
356.053700	 8.265496	 358.655510	 1.329519
356.056360	 8.262680	 358.658058	 1.333524
356.056114	 8.263127	 358.657410	 1.337529
356.054237	 8.265005	 358.655466	 1.341533
356.054505	 8.264602	 358.655890	 1.345538
356.053209	 8.265697	 358.654795	 1.349542
356.054840	 8.264043	 358.656069	 1.353547
356.057634	 8.261205	 358.658617	 1.357551
356.056338	 8.262367	 358.657254	 1.361556
356.054728	 8.264088	 358.655935	 1.365561
356.055354	 8.263216	 358.656807	 1.369565
356.049900	 8.268670	 358.651219	 1.373570
356.049073	 8.269676	 358.650213	 1.377574
356.051599	 8.267195	 358.652649	 1.381579
356.051175	 8.267441	 358.652292	 1.385584
356.051599	 8.267195	 358.652895	 1.389588
356.053097	 8.265720	 358.654527	 1.393593
356.057589	 8.261339	 358.658863	 1.397597
356.057880	 8.260892	 358.659042	 1.401602
356.057299	 8.261495	 358.658751	 1.405606
356.055243	 8.263596	 358.656784	 1.409611
356.054438	 8.264356	 358.655957	 1.413616
356.053097	 8.265765	 358.654482	 1.417620
356.056114	 8.262747	 358.657433	 1.421625
356.055958	 8.262814	 358.657477	 1.425629
356.052873	 8.265876	 358.654393	 1.429634
356.055824	 8.262926	 358.657142	 1.433638
356.058908	 8.259685	 358.659981	 1.437643
356.057522	 8.260914	 358.658371	 1.441648
356.056360	 8.261741	 358.657321	 1.445652
356.055131	 8.262948	 358.656248	 1.449657
356.055801	 8.262635	 358.656874	 1.453661
356.056606	 8.261741	 358.657366	 1.457666
356.055958	 8.262456	 358.656762	 1.461670
356.052873	 8.265429	 358.653990	 1.465675
356.050929	 8.267419	 358.652068	 1.469680
356.052538	 8.265809	 358.653499	 1.473684
356.053119	 8.265116	 358.653879	 1.477689
356.055265	 8.262993	 358.656069	 1.481693
356.054952	 8.263306	 358.656092	 1.485698
356.054483	 8.263753	 358.655801	 1.489703
356.055354	 8.262702	 358.656449	 1.493707
356.052382	 8.265697	 358.653231	 1.497712
356.050996	 8.267083	 358.651822	 1.501716
356.049476	 8.268693	 358.650593	 1.505721
356.053678	 8.264356	 358.654840	 1.509725
356.055868	 8.262345	 358.656874	 1.513730
356.054885	 8.263261	 358.655533	 1.517735
356.054997	 8.262993	 358.655868	 1.521739
356.053343	 8.264580	 358.654460	 1.525744
356.053343	 8.264669	 358.654482	 1.529748
356.053119	 8.264960	 358.654192	 1.533753
356.052762	 8.265295	 358.653633	 1.537757
356.051979	 8.266279	 358.653231	 1.541762
356.048559	 8.270011	 358.650168	 1.545767
356.048515	 8.269721	 358.650034	 1.549771
356.051778	 8.266189	 358.652918	 1.553776
356.054840	 8.263261	 358.655868	 1.557780
356.054952	 8.263127	 358.655980	 1.561785
356.051979	 8.265988	 358.653231	 1.565789
356.050526	 8.267642	 358.652113	 1.569794
356.052002	 8.266256	 358.653342	 1.573799
356.055108	 8.262948	 358.655980	 1.577803
356.054997	 8.262814	 358.655846	 1.581808
356.054773	 8.263172	 358.655801	 1.585812
356.053901	 8.264155	 358.655242	 1.589817
356.053231	 8.265027	 358.654683	 1.593822
356.052873	 8.265697	 358.654393	 1.597826
356.053656	 8.264803	 358.655108	 1.601831
356.053499	 8.264759	 358.654974	 1.605835
356.053566	 8.264759	 358.655242	 1.609840
356.050996	 8.267240	 358.652560	 1.613844
356.052158	 8.265966	 358.653454	 1.617849
356.054550	 8.263686	 358.655957	 1.621854
356.053790	 8.264490	 358.655488	 1.625858
356.055265	 8.262859	 358.656941	 1.629863
356.053454	 8.264692	 358.655019	 1.633867
356.053879	 8.264289	 358.655153	 1.637872
356.053566	 8.264245	 358.654572	 1.641876
356.051867	 8.265966	 358.653007	 1.645881
356.051353	 8.266614	 358.652739	 1.649886
356.052046	 8.265966	 358.653298	 1.653890
356.053566	 8.264401	 358.654661	 1.657895
356.051823	 8.266256	 358.652962	 1.661899
356.049766	 8.268380	 358.651107	 1.665904
356.051264	 8.266793	 358.652538	 1.669908
356.054125	 8.263730	 358.655197	 1.673913
356.054594	 8.263373	 358.655622	 1.677918
356.055108	 8.262881	 358.656069	 1.681922
356.052963	 8.264915	 358.654214	 1.685927
356.050191	 8.267799	 358.651711	 1.689931
356.051823	 8.265966	 358.653007	 1.693936
356.053946	 8.263887	 358.654929	 1.697941
356.055958	 8.262054	 358.656986	 1.701945
356.056092	 8.261965	 358.657522	 1.705950
356.053432	 8.264625	 358.654974	 1.709954
356.052113	 8.266033	 358.653633	 1.713959
356.055354	 8.262658	 358.656427	 1.717963
356.056561	 8.261160	 358.657366	 1.721968
356.055444	 8.262121	 358.656427	 1.725973
356.053499	 8.264110	 358.654817	 1.729977
356.054438	 8.263306	 358.655734	 1.733982
356.053834	 8.263932	 358.654862	 1.737986
356.054259	 8.263351	 358.655242	 1.741991
356.055019	 8.262725	 358.656203	 1.745995
356.054125	 8.263730	 358.655421	 1.750000
356.054304	 8.263529	 358.655577	 1.754005
356.055757	 8.261898	 358.656784	 1.758009
356.054438	 8.263194	 358.655555	 1.762014
356.054125	 8.263507	 358.655197	 1.766018
356.051778	 8.265988	 358.653052	 1.770023
356.049565	 8.268491	 358.651085	 1.774027
356.052002	 8.266189	 358.653365	 1.778032
356.054281	 8.263798	 358.655466	 1.782037
356.055801	 8.261786	 358.656874	 1.786041
356.056003	 8.261831	 358.657477	 1.790046
356.055019	 8.262993	 358.656449	 1.794050
356.053097	 8.264982	 358.654303	 1.798055
356.053454	 8.264736	 358.654795	 1.802059
356.051152	 8.266994	 358.652672	 1.806064
356.050482	 8.267642	 358.652158	 1.810069
356.051867	 8.266413	 358.653432	 1.814073
356.053097	 8.265273	 358.654438	 1.818078
356.053007	 8.265206	 358.654393	 1.822082
356.049744	 8.268447	 358.651219	 1.826087
356.049655	 8.268447	 358.651509	 1.830092
356.051107	 8.267083	 358.652828	 1.834096
356.053164	 8.265273	 358.654639	 1.838101
356.052158	 8.266033	 358.653521	 1.842105
356.051040	 8.266949	 358.652426	 1.846110
356.050705	 8.267173	 358.652135	 1.850114
356.052002	 8.265876	 358.653208	 1.854119
356.054013	 8.263663	 358.655086	 1.858124
356.056114	 8.261518	 358.657142	 1.862128
356.052136	 8.265407	 358.653454	 1.866133
356.050437	 8.267329	 358.651934	 1.870137
356.052762	 8.265049	 358.653879	 1.874142
356.053968	 8.263842	 358.654840	 1.878146
356.054080	 8.263775	 358.654974	 1.882151
356.051219	 8.266547	 358.652403	 1.886156
356.051085	 8.266480	 358.652336	 1.890160
356.052829	 8.264893	 358.654013	 1.894165
356.054885	 8.262971	 358.655868	 1.898169
356.054125	 8.263708	 358.655242	 1.902174
356.053991	 8.263686	 358.655332	 1.906178
356.051711	 8.266144	 358.653275	 1.910183
356.052091	 8.265765	 358.653499	 1.914188
356.053566	 8.264200	 358.654862	 1.918192
356.056025	 8.261786	 358.657254	 1.922197
356.054393	 8.263418	 358.655846	 1.926201
356.055220	 8.262479	 358.656762	 1.930206
356.057411	 8.260333	 358.658729	 1.934211
356.057880	 8.260042	 358.658953	 1.938215
356.056561	 8.261495	 358.657813	 1.942220
356.053723	 8.264401	 358.655466	 1.946224
356.050526	 8.267419	 358.652403	 1.950229
356.051823	 8.266144	 358.653633	 1.954233
356.053052	 8.265072	 358.654683	 1.958238
356.054214	 8.263686	 358.655667	 1.962243
356.053790	 8.264133	 358.655533	 1.966247
356.052113	 8.265809	 358.653678	 1.970252
356.054840	 8.262948	 358.655980	 1.974256
356.053723	 8.263954	 358.654639	 1.978261
356.054460	 8.263216	 358.655421	 1.982265
356.052337	 8.265362	 358.653678	 1.986270
356.050906	 8.266972	 358.652471	 1.990275
356.053074	 8.264692	 358.654370	 1.994279
356.054103	 8.263507	 358.655197	 1.998284
356.054281	 8.263373	 358.655309	 2.002288
356.055690	 8.262009	 358.657030	 2.006293
356.056003	 8.261786	 358.657634	 2.010297
356.055623	 8.262434	 358.657097	 2.014302
356.056450	 8.261696	 358.657746	 2.018307
356.057411	 8.260668	 358.658662	 2.022311
356.054773	 8.263082	 358.656181	 2.026316
356.053253	 8.264513	 358.654616	 2.030320
356.054594	 8.263283	 358.655712	 2.034325
356.056740	 8.261138	 358.657768	 2.038330
356.055734	 8.262188	 358.657008	 2.042334
356.053566	 8.264401	 358.654952	 2.046339
356.052672	 8.265362	 358.654169	 2.050343
356.054438	 8.263283	 358.655644	 2.054348
356.054125	 8.263596	 358.655086	 2.058352
356.056785	 8.261026	 358.657813	 2.062357
356.056181	 8.261741	 358.657544	 2.066362
356.052672	 8.265183	 358.654102	 2.070366
356.051778	 8.266212	 358.653231	 2.074371
356.052985	 8.265206	 358.654393	 2.078375
356.055555	 8.262524	 358.656941	 2.082380
356.053968	 8.264021	 358.655600	 2.086384
356.050504	 8.267441	 358.652269	 2.090389
356.051487	 8.266390	 358.652962	 2.094394
356.050973	 8.266972	 358.652292	 2.098398
356.050750	 8.267329	 358.652068	 2.102403
356.051286	 8.266703	 358.652895	 2.106407
356.051756	 8.265832	 358.653275	 2.110412
356.053633	 8.263954	 358.654817	 2.114416
356.057254	 8.260378	 358.658282	 2.118421
356.055667	 8.261987	 358.656740	 2.122426
356.056338	 8.261227	 358.657567	 2.126430
356.056226	 8.261562	 358.657589	 2.130435
356.055131	 8.262680	 358.656404	 2.134439
356.056673	 8.261294	 358.657947	 2.138444
356.055287	 8.262613	 358.656561	 2.142449
356.054818	 8.262971	 358.656382	 2.146453
356.053320	 8.264289	 358.654840	 2.150458
356.052270	 8.265496	 358.653700	 2.154462
356.054281	 8.263529	 358.655466	 2.158467
356.054505	 8.263462	 358.655846	 2.162471
356.053723	 8.264222	 358.655309	 2.166476
356.050370	 8.267530	 358.652091	 2.170481
356.050906	 8.267128	 358.652448	 2.174485
356.053432	 8.264647	 358.654750	 2.178490
356.052002	 8.265921	 358.653298	 2.182494
356.049878	 8.268000	 358.651398	 2.186499
356.048582	 8.269341	 358.650168	 2.190503
356.049588	 8.268313	 358.651040	 2.194508
356.050884	 8.267083	 358.652292	 2.198513
356.052270	 8.265787	 358.653745	 2.202517
356.051018	 8.266949	 358.652649	 2.206522
356.050370	 8.267620	 358.652135	 2.210526
356.052091	 8.266010	 358.653789	 2.214531
356.052180	 8.265832	 358.653633	 2.218535
356.050973	 8.266972	 358.652493	 2.222540
356.048202	 8.269430	 358.649788	 2.226545
356.049655	 8.267977	 358.651219	 2.230549
356.052337	 8.265541	 358.653856	 2.234554
356.052583	 8.265273	 358.653901	 2.238558
356.052605	 8.265094	 358.653767	 2.242563
356.050169	 8.267419	 358.651398	 2.246568
356.051666	 8.265720	 358.653007	 2.250572
356.052225	 8.265675	 358.653678	 2.254577
356.054483	 8.263663	 358.655980	 2.258581
356.057478	 8.260624	 358.659042	 2.262586
356.056673	 8.261384	 358.658550	 2.266590
356.055064	 8.263038	 358.657030	 2.270595
356.056807	 8.261182	 358.658483	 2.274600
356.059020	 8.258880	 358.660562	 2.278604
356.058461	 8.259372	 358.660070	 2.282609
356.056450	 8.261339	 358.658260	 2.286613
356.053901	 8.264088	 358.655801	 2.290618
356.054371	 8.263529	 358.656002	 2.294622
356.053209	 8.264692	 358.654639	 2.298627
356.053767	 8.263954	 358.655019	 2.302632
356.053879	 8.263663	 358.655175	 2.306636
356.052516	 8.264915	 358.653990	 2.310641
356.054170	 8.263418	 358.655555	 2.314645
356.056897	 8.260892	 358.658193	 2.318650
356.056584	 8.261317	 358.658103	 2.322654
356.057053	 8.260780	 358.658863	 2.326659
356.057142	 8.260646	 358.658930	 2.330664
356.054661	 8.263239	 358.656226	 2.334668
356.053589	 8.264490	 358.655063	 2.338673
356.054058	 8.264021	 358.655600	 2.342677
356.054639	 8.263351	 358.656404	 2.346682
356.055198	 8.262702	 358.656851	 2.350686
356.054281	 8.263306	 358.655510	 2.354691
356.054907	 8.262725	 358.655890	 2.358696
356.057120	 8.260713	 358.658438	 2.362700
356.056584	 8.261138	 358.658058	 2.366705
356.054706	 8.262792	 358.656136	 2.370709
356.054617	 8.263060	 358.655980	 2.374714
356.058394	 8.259327	 358.659556	 2.378719
356.057344	 8.260378	 358.658573	 2.382723
356.056405	 8.261093	 358.657656	 2.386728
356.056025	 8.261272	 358.657276	 2.390732
356.055064	 8.262501	 358.656293	 2.394737
356.055310	 8.262300	 358.656293	 2.398741
356.055913	 8.261629	 358.656919	 2.402746
356.052784	 8.264736	 358.654058	 2.406751
356.052650	 8.264937	 358.654236	 2.410755
356.053946	 8.263619	 358.655466	 2.414760
356.056740	 8.260937	 358.657991	 2.418764
356.055868	 8.261831	 358.657120	 2.422769
356.055354	 8.262076	 358.656628	 2.426773
356.053209	 8.264155	 358.654527	 2.430778
356.054438	 8.262971	 358.655644	 2.434783
356.055131	 8.262322	 358.656226	 2.438787
356.056248	 8.261160	 358.657321	 2.442792
356.054214	 8.263172	 358.655399	 2.446796
356.053052	 8.264558	 358.654482	 2.450801
356.052694	 8.265072	 358.654169	 2.454805
356.053991	 8.263574	 358.655197	 2.458810
356.051510	 8.265921	 358.652672	 2.462815
356.051532	 8.265854	 358.652962	 2.466819
356.051867	 8.265541	 358.653275	 2.470824
356.053119	 8.264446	 358.654393	 2.474828
356.054304	 8.263216	 358.655309	 2.478833
356.054348	 8.263194	 358.655488	 2.482838
356.052024	 8.265474	 358.653566	 2.486842
356.051331	 8.266212	 358.653029	 2.490847
356.053030	 8.264490	 358.654303	 2.494851
356.055868	 8.261495	 358.656874	 2.498856
356.058931	 8.258277	 358.660070	 2.502860
356.055019	 8.262635	 358.656539	 2.506865
356.052963	 8.264870	 358.654907	 2.510870
356.054706	 8.262971	 358.656248	 2.514874
356.055265	 8.262211	 358.656404	 2.518879
356.054483	 8.262725	 358.655399	 2.522883
356.053633	 8.263663	 358.654996	 2.526888
356.050593	 8.266927	 358.652225	 2.530892
356.050638	 8.266994	 358.651934	 2.534897
356.054013	 8.263529	 358.654974	 2.538902
356.055108	 8.262278	 358.655957	 2.542906
356.054818	 8.262635	 358.655890	 2.546911
356.054281	 8.263194	 358.655644	 2.550915
356.054281	 8.263105	 358.655510	 2.554920
356.054013	 8.263283	 358.654817	 2.558924
356.054125	 8.263038	 358.654840	 2.562929
356.053231	 8.264178	 358.654549	 2.566934
356.052203	 8.265362	 358.653812	 2.570938
356.053119	 8.264446	 358.654438	 2.574943
356.055600	 8.261853	 358.656784	 2.578947
356.056338	 8.261071	 358.657321	 2.582952
356.054863	 8.262367	 358.655779	 2.586957
356.051152	 8.266279	 358.652336	 2.590961
356.049230	 8.268670	 358.650727	 2.594966
356.052002	 8.265876	 358.653610	 2.598970
356.053656	 8.263976	 358.654996	 2.602975
356.052069	 8.265139	 358.653231	 2.606979
356.052113	 8.264803	 358.653275	 2.610984
356.053678	 8.263418	 358.654683	 2.614989
356.056271	 8.261071	 358.657321	 2.618993
356.056539	 8.261026	 358.657768	 2.622998
356.055019	 8.262568	 358.656583	 2.627002
356.055287	 8.262255	 358.656851	 2.631007
356.054438	 8.263149	 358.655779	 2.635011
356.056248	 8.261361	 358.657410	 2.639016
356.057701	 8.259662	 358.658774	 2.643021
356.057455	 8.259730	 358.658818	 2.647025
356.054706	 8.262501	 358.656248	 2.651030
356.055354	 8.262166	 358.656963	 2.655034
356.058081	 8.259484	 358.659422	 2.659039
356.059556	 8.257785	 358.660897	 2.663043
356.061814	 8.255438	 358.663266	 2.667048
356.058908	 8.258455	 358.660450	 2.671053
356.057075	 8.260422	 358.658573	 2.675057
356.058908	 8.258545	 358.660048	 2.679062
356.059199	 8.258031	 358.660115	 2.683066
356.056114	 8.260914	 358.657254	 2.687071
356.054505	 8.262456	 358.655622	 2.691076
356.055265	 8.261629	 358.656203	 2.695080
356.056785	 8.260177	 358.657544	 2.699085
356.058327	 8.258679	 358.659109	 2.703089
356.057589	 8.259394	 358.658550	 2.707094
356.057254	 8.259707	 358.658260	 2.711098
356.057612	 8.259350	 358.658528	 2.715103
356.058215	 8.258768	 358.658997	 2.719108
356.057165	 8.259797	 358.658036	 2.723112
356.055913	 8.260959	 358.656874	 2.727117
356.055243	 8.261674	 358.656315	 2.731121
356.055064	 8.261898	 358.655980	 2.735126
356.057791	 8.259171	 358.658550	 2.739130
356.058416	 8.258657	 358.659310	 2.743135
356.057791	 8.259461	 358.659042	 2.747140
356.056695	 8.260735	 358.658148	 2.751144
356.057634	 8.259774	 358.658975	 2.755149
356.058484	 8.258724	 358.659422	 2.759153
356.060339	 8.256600	 358.661121	 2.763158
356.059199	 8.257539	 358.660204	 2.767162
356.056964	 8.259975	 358.658215	 2.771167
356.054974	 8.262456	 358.656516	 2.775172
356.053544	 8.263999	 358.654952	 2.779176
356.053678	 8.263686	 358.655041	 2.783181
356.052091	 8.264937	 358.653521	 2.787185
356.051599	 8.265049	 358.652806	 2.791190
356.055108	 8.261696	 358.656159	 2.795195
356.060339	 8.256623	 358.661210	 2.799199
356.058372	 8.258590	 358.659243	 2.803204
356.056830	 8.259975	 358.657880	 2.807208
356.057120	 8.259707	 358.658148	 2.811213
356.057120	 8.259864	 358.658215	 2.815217
356.058707	 8.258299	 358.659489	 2.819222
356.060383	 8.256645	 358.661098	 2.823227
356.059623	 8.257271	 358.660651	 2.827231
356.060965	 8.256019	 358.662127	 2.831236
356.062999	 8.254142	 358.664026	 2.835240
356.060830	 8.256801	 358.662082	 2.839245
356.060205	 8.257494	 358.661456	 2.843249
356.059802	 8.257874	 358.661232	 2.847254
356.059176	 8.258366	 358.660808	 2.851259
356.060048	 8.257561	 358.661635	 2.855263
356.061814	 8.255907	 358.663177	 2.859268
356.061345	 8.256310	 358.662574	 2.863272
356.059691	 8.257830	 358.661210	 2.867277
356.058618	 8.258925	 358.660271	 2.871281
356.059355	 8.258187	 358.660696	 2.875286
356.056807	 8.260847	 358.657991	 2.879291
356.056315	 8.261249	 358.657544	 2.883295
356.057075	 8.260333	 358.658550	 2.887300
356.057142	 8.260177	 358.658528	 2.891304
356.059668	 8.257383	 358.660696	 2.895309
356.060205	 8.256913	 358.661210	 2.899314
356.061166	 8.255997	 358.662305	 2.903318
356.062350	 8.255058	 358.663915	 2.907323
356.062909	 8.254678	 358.664652	 2.911327
356.062552	 8.254946	 358.663892	 2.915332
356.060160	 8.257159	 358.661121	 2.919336
356.060495	 8.256734	 358.661478	 2.923341
356.060518	 8.256690	 358.661568	 2.927346
356.060763	 8.256533	 358.662127	 2.931350
356.062954	 8.254186	 358.664093	 2.935355
356.065524	 8.251504	 358.666463	 2.939359
356.064429	 8.252666	 358.665524	 2.943364
356.060316	 8.256869	 358.661590	 2.947368
356.060451	 8.256757	 358.661702	 2.951373
356.062395	 8.255013	 358.663691	 2.955378
356.061970	 8.255393	 358.662998	 2.959382
356.059311	 8.258053	 358.660450	 2.963387
356.059176	 8.258143	 358.660741	 2.967391
356.058752	 8.258590	 358.660450	 2.971396
356.058662	 8.258701	 358.660137	 2.975400
356.057478	 8.259975	 358.658774	 2.979405
356.056405	 8.261182	 358.657835	 2.983410
356.055779	 8.261965	 358.657477	 2.987414
356.056807	 8.260713	 358.658640	 2.991419
356.058081	 8.259461	 358.659690	 2.995423
356.058059	 8.259551	 358.659467	 2.999428
356.057925	 8.259439	 358.659154	 3.003432
356.054818	 8.262524	 358.656315	 3.007437
356.053723	 8.263395	 358.655376	 3.011442
356.055064	 8.262166	 358.656606	 3.015446
356.054952	 8.262568	 358.656315	 3.019451
356.056070	 8.261384	 358.657433	 3.023455
356.057992	 8.259327	 358.659444	 3.027460
356.056651	 8.260713	 358.658282	 3.031465
356.058528	 8.258746	 358.659936	 3.035469
356.060495	 8.256489	 358.661456	 3.039474
356.060339	 8.256667	 358.661322	 3.043478
356.055131	 8.262032	 358.656494	 3.047483
356.052739	 8.264401	 358.654281	 3.051487
356.052627	 8.264535	 358.653968	 3.055492
356.054281	 8.262971	 358.655443	 3.059497
356.054997	 8.262389	 358.656293	 3.063501
356.055019	 8.262166	 358.656360	 3.067506
356.055175	 8.261540	 358.656315	 3.071510
356.056472	 8.260512	 358.657634	 3.075515
356.056584	 8.260735	 358.657813	 3.079519
356.057567	 8.259730	 358.658729	 3.083524
356.056628	 8.260266	 358.657924	 3.087529
356.055488	 8.261473	 358.656695	 3.091533
356.054952	 8.261786	 358.656002	 3.095538
356.055265	 8.261607	 358.656203	 3.099542
356.055019	 8.262144	 358.656136	 3.103547
356.053320	 8.264043	 358.654840	 3.107551
356.051733	 8.265519	 358.653298	 3.111556
356.053656	 8.263529	 358.654952	 3.115561
356.058819	 8.258277	 358.660025	 3.119565
356.058305	 8.258947	 358.659713	 3.123570
356.056159	 8.261272	 358.657768	 3.127574
356.053052	 8.264312	 358.654639	 3.131579
356.055801	 8.261607	 358.657276	 3.135584
356.057858	 8.259171	 358.658953	 3.139588
356.058707	 8.258277	 358.659780	 3.143593
356.057679	 8.259283	 358.658863	 3.147597
356.056695	 8.260087	 358.657947	 3.151602
356.057433	 8.259662	 358.658774	 3.155606
356.059467	 8.257628	 358.660450	 3.159611
356.060696	 8.256243	 358.661612	 3.163616
356.059646	 8.257248	 358.660964	 3.167620
356.056517	 8.260758	 358.658081	 3.171625
356.056584	 8.260668	 358.657969	 3.175629
356.059691	 8.257696	 358.660875	 3.179634
356.057634	 8.259707	 358.658818	 3.183638
356.053387	 8.263753	 358.654750	 3.187643
356.052627	 8.264669	 358.654192	 3.191648
356.054796	 8.262300	 358.655957	 3.195652
356.056360	 8.260713	 358.657299	 3.199657
356.058349	 8.258724	 358.659444	 3.203661
356.055220	 8.261674	 358.656561	 3.207666
356.053656	 8.263686	 358.655309	 3.211670
356.053454	 8.263976	 358.655130	 3.215675
356.053276	 8.264066	 358.654616	 3.219680
356.052180	 8.265295	 358.653566	 3.223684
356.050660	 8.266837	 358.652359	 3.227689
356.050482	 8.266972	 358.652225	 3.231693
356.050593	 8.266882	 358.652225	 3.235698
356.054661	 8.262568	 358.656002	 3.239703
356.056405	 8.260713	 358.657746	 3.243707
356.055578	 8.261384	 358.656963	 3.247712
356.054885	 8.261965	 358.656315	 3.251716
356.055220	 8.261741	 358.656427	 3.255721
356.055175	 8.261853	 358.656315	 3.259725
356.053298	 8.263954	 358.654616	 3.263730
356.053164	 8.263909	 358.654616	 3.267735
356.055175	 8.261808	 358.656762	 3.271739
356.056181	 8.260892	 358.657477	 3.275744
356.057075	 8.259953	 358.658237	 3.279748
356.059825	 8.257159	 358.661031	 3.283753
356.058327	 8.258590	 358.659668	 3.287757
356.057858	 8.259171	 358.659288	 3.291762
356.054840	 8.262434	 358.656449	 3.295767
356.054058	 8.263306	 358.655622	 3.299771
356.051152	 8.266189	 358.652515	 3.303776
356.050884	 8.266413	 358.652515	 3.307780
356.052560	 8.264848	 358.654482	 3.311785
356.054572	 8.262859	 358.656181	 3.315789
356.053723	 8.263820	 358.655309	 3.319794
356.052762	 8.264647	 358.654505	 3.323799
356.050929	 8.266301	 358.652783	 3.327803
356.053276	 8.264021	 358.655086	 3.331808
356.055600	 8.261786	 358.657187	 3.335812
356.054438	 8.262836	 358.655980	 3.339817
356.054348	 8.262926	 358.655779	 3.343822
356.054684	 8.262524	 358.656293	 3.347826
356.052493	 8.264759	 358.654169	 3.351831
356.054214	 8.263149	 358.655756	 3.355835
356.055243	 8.262009	 358.656650	 3.359840
356.055645	 8.261585	 358.656986	 3.363844
356.052985	 8.264245	 358.654527	 3.367849
356.053879	 8.263038	 358.655265	 3.371854
356.055645	 8.261227	 358.656807	 3.375858
356.054348	 8.262658	 358.655421	 3.379863
356.053767	 8.263306	 358.654907	 3.383867
356.050482	 8.266368	 358.651576	 3.387872
356.049655	 8.267061	 358.650772	 3.391876
356.053521	 8.263373	 358.654683	 3.395881
356.053253	 8.264021	 358.654393	 3.399886
356.053320	 8.263686	 358.654639	 3.403890
356.052918	 8.263976	 358.654415	 3.407895
356.053164	 8.263641	 358.654639	 3.411899
356.055600	 8.261451	 358.656919	 3.415904
356.059065	 8.257897	 358.660227	 3.419908
356.056517	 8.260489	 358.657679	 3.423913
356.054147	 8.263082	 358.655756	 3.427918
356.054103	 8.263194	 358.655801	 3.431922
356.053164	 8.264245	 358.654773	 3.435927
356.054505	 8.262903	 358.656069	 3.439931
356.054728	 8.262613	 358.656337	 3.443936
356.053790	 8.263507	 358.655488	 3.447941
356.057254	 8.260154	 358.658997	 3.451945
356.058953	 8.258254	 358.660562	 3.455950
356.057321	 8.259953	 358.658818	 3.459954
356.055779	 8.261607	 358.657097	 3.463959
356.053790	 8.263574	 358.655443	 3.467963
356.054527	 8.262836	 358.656360	 3.471968
356.058908	 8.258500	 358.660607	 3.475973
356.060026	 8.257316	 358.661456	 3.479977
356.059825	 8.257226	 358.661098	 3.483982
356.057589	 8.259327	 358.659064	 3.487986
356.056986	 8.259819	 358.658461	 3.491991
356.057746	 8.259059	 358.659020	 3.495995
356.059020	 8.257718	 358.660070	 3.500000
