355.972742	 8.258098	 358.586175	 0.000000
355.973212	 8.257763	 358.586756	 0.004005
355.971379	 8.259417	 358.585415	 0.008009
355.968674	 8.261965	 358.582979	 0.012014
355.969054	 8.261853	 358.583135	 0.016018
355.969591	 8.261786	 358.583381	 0.020023
355.969971	 8.261451	 358.583828	 0.024027
355.970552	 8.260668	 358.585125	 0.028032
355.979291	 8.252890	 358.595965	 0.032037
355.983449	 8.249425	 358.601084	 0.036041
355.981683	 8.251392	 358.599251	 0.040046
355.983158	 8.249984	 358.600302	 0.044050
355.983963	 8.248732	 358.601442	 0.048055
355.984723	 8.247816	 358.602559	 0.052059
355.984723	 8.247928	 358.602671	 0.056064
355.980945	 8.251906	 358.598625	 0.060069
355.979291	 8.253516	 358.597172	 0.064073
355.976900	 8.255594	 358.595183	 0.068078
355.976833	 8.255438	 358.595339	 0.072082
355.980476	 8.251929	 358.598402	 0.076087
355.981370	 8.251169	 358.598849	 0.080092
355.979895	 8.252622	 358.597485	 0.084096
355.977704	 8.254566	 358.595518	 0.088101
355.975939	 8.256198	 358.593954	 0.092105
355.976207	 8.255997	 358.594378	 0.096110
355.977950	 8.254231	 358.595831	 0.100114
355.979224	 8.253002	 358.596904	 0.104119
355.979045	 8.252890	 358.596815	 0.108124
355.978174	 8.253560	 358.596345	 0.112128
355.977548	 8.254253	 358.595675	 0.116133
355.978218	 8.253672	 358.596055	 0.120137
355.976453	 8.255483	 358.594110	 0.124142
355.973346	 8.258277	 358.591383	 0.128146
355.973480	 8.257941	 358.591786	 0.132151
355.975872	 8.255594	 358.593887	 0.136156
355.975179	 8.256444	 358.592993	 0.140160
355.973010	 8.258433	 358.591137	 0.144165
355.972541	 8.258433	 358.591160	 0.148169
355.974150	 8.256556	 358.592926	 0.152174
355.977704	 8.253136	 358.596234	 0.156178
355.981035	 8.249962	 358.598960	 0.160183
355.980699	 8.250297	 358.598357	 0.164188
355.977704	 8.253158	 358.595809	 0.168192
355.973748	 8.256645	 358.592210	 0.172197
355.975536	 8.254857	 358.593596	 0.176201
355.977794	 8.252868	 358.595675	 0.180206
355.978151	 8.252622	 358.595988	 0.184211
355.977123	 8.253471	 358.595272	 0.188215
355.977548	 8.252778	 358.595831	 0.192220
355.978017	 8.252510	 358.595876	 0.196224
355.977838	 8.252912	 358.595295	 0.200229
355.976430	 8.254410	 358.593820	 0.204233
355.974374	 8.256198	 358.592300	 0.208238
355.975335	 8.255125	 358.593328	 0.212243
355.975335	 8.255304	 358.593104	 0.216247
355.976497	 8.254410	 358.594155	 0.220252
355.975939	 8.254924	 358.593708	 0.224256
355.972407	 8.258120	 358.590780	 0.228261
355.971178	 8.259260	 358.589707	 0.232265
355.972340	 8.258299	 358.590489	 0.236270
355.973368	 8.257584	 358.590824	 0.240275
355.974486	 8.256489	 358.592098	 0.244279
355.974642	 8.256109	 358.592769	 0.248284
355.975559	 8.255103	 358.593551	 0.252288
355.975246	 8.255438	 358.593149	 0.256293
355.978822	 8.252108	 358.596412	 0.260297
355.978733	 8.252242	 358.596234	 0.264302
355.975939	 8.254745	 358.594110	 0.268307
355.974374	 8.256243	 358.592858	 0.272311
355.974217	 8.256600	 358.592277	 0.276316
355.975290	 8.255751	 358.592814	 0.280320
355.975424	 8.255572	 358.592993	 0.284325
355.975223	 8.255572	 358.593305	 0.288330
355.973860	 8.256913	 358.592501	 0.292334
355.976363	 8.254566	 358.594647	 0.296339
355.975849	 8.255326	 358.593663	 0.300343
355.973502	 8.257696	 358.591450	 0.304348
355.971468	 8.259506	 358.589908	 0.308352
355.973636	 8.257159	 358.591942	 0.312357
355.974642	 8.256354	 358.592858	 0.316362
355.976408	 8.254790	 358.594378	 0.320366
355.978487	 8.252689	 358.596301	 0.324371
355.976989	 8.253963	 358.594960	 0.328375
355.974508	 8.256310	 358.592613	 0.332380
355.974866	 8.256086	 358.592546	 0.336384
355.980007	 8.251124	 358.597418	 0.340389
355.982935	 8.248196	 358.600547	 0.344394
355.981035	 8.249828	 358.598871	 0.348398
355.978844	 8.251929	 358.596770	 0.352403
355.980677	 8.250319	 358.598424	 0.356407
355.982555	 8.248598	 358.600145	 0.360412
355.977168	 8.253963	 358.595407	 0.364416
355.975983	 8.254991	 358.594378	 0.368421
355.976900	 8.253963	 358.595339	 0.372426
355.977391	 8.253672	 358.595719	 0.376430
355.978420	 8.252912	 358.596189	 0.380435
355.979358	 8.251817	 358.596837	 0.384439
355.976922	 8.254075	 358.594624	 0.388444
355.974039	 8.256757	 358.592054	 0.392449
355.973636	 8.257316	 358.591719	 0.396453
355.976363	 8.254924	 358.593931	 0.400458
355.976877	 8.254455	 358.594445	 0.404462
355.975939	 8.255147	 358.593954	 0.408467
355.975939	 8.254924	 358.594334	 0.412471
355.975827	 8.255214	 358.594043	 0.416476
355.976095	 8.255304	 358.593931	 0.420481
355.976900	 8.254410	 358.594602	 0.424485
355.975827	 8.255125	 358.593708	 0.428490
355.975112	 8.255751	 358.593060	 0.432494
355.974039	 8.257047	 358.592076	 0.436499
355.975693	 8.255572	 358.593440	 0.440503
355.979381	 8.251951	 358.596904	 0.444508
355.975559	 8.255639	 358.593618	 0.448513
355.973145	 8.257852	 358.591249	 0.452517
355.975000	 8.255997	 358.592590	 0.456522
355.974732	 8.256489	 358.592054	 0.460526
355.974374	 8.256913	 358.591651	 0.464531
355.972563	 8.258500	 358.590199	 0.468535
355.974553	 8.256466	 358.592322	 0.472540
355.976050	 8.255304	 358.593440	 0.476545
355.977436	 8.254119	 358.594557	 0.480549
355.977906	 8.253672	 358.594937	 0.484554
355.976251	 8.255192	 358.593663	 0.488558
355.976810	 8.254522	 358.594535	 0.492563
355.979694	 8.251795	 358.597329	 0.496568
355.980074	 8.251616	 358.597262	 0.500572
355.978688	 8.253046	 358.595831	 0.504577
355.977727	 8.253896	 358.595004	 0.508581
355.978934	 8.252666	 358.596189	 0.512586
355.980610	 8.251124	 358.597530	 0.516590
355.979694	 8.252175	 358.596479	 0.520595
355.979001	 8.252868	 358.595876	 0.524600
355.977548	 8.254253	 358.594960	 0.528604
355.976006	 8.255840	 358.593395	 0.532609
355.978151	 8.253918	 358.595250	 0.536613
355.977458	 8.254656	 358.594468	 0.540618
355.979135	 8.252935	 358.596032	 0.544622
355.977950	 8.254030	 358.594512	 0.548627
355.977749	 8.254276	 358.594445	 0.552632
355.979157	 8.253024	 358.595541	 0.556636
355.980632	 8.251728	 358.596971	 0.560641
355.981191	 8.251102	 358.597530	 0.564645
355.980364	 8.251884	 358.596949	 0.568650
355.979492	 8.252890	 358.596256	 0.572654
355.979917	 8.252599	 358.596614	 0.576659
355.984030	 8.248442	 358.600145	 0.580664
355.983002	 8.249492	 358.599072	 0.584668
355.980319	 8.252242	 358.596614	 0.588673
355.980007	 8.252555	 358.596345	 0.592677
355.980185	 8.252398	 358.596323	 0.596682
355.980118	 8.252488	 358.596301	 0.600686
355.981974	 8.250677	 358.598290	 0.604691
355.981683	 8.250990	 358.598178	 0.608696
355.978241	 8.254455	 358.594781	 0.612700
355.978889	 8.253806	 358.595384	 0.616705
355.980074	 8.252733	 358.596435	 0.620709
355.979940	 8.252957	 358.596390	 0.624714
355.980230	 8.252577	 358.596681	 0.628719
355.979448	 8.253359	 358.595965	 0.632723
355.979582	 8.253337	 358.595719	 0.636728
355.981415	 8.251571	 358.597016	 0.640732
355.984052	 8.249001	 358.599475	 0.644737
355.982823	 8.250096	 358.598558	 0.648741
355.980208	 8.252689	 358.596345	 0.652746
355.980565	 8.252421	 358.596614	 0.656751
355.982599	 8.250387	 358.598469	 0.660755
355.983829	 8.249202	 358.599609	 0.664760
355.981526	 8.251526	 358.597575	 0.668764
355.980901	 8.252175	 358.597463	 0.672769
355.984477	 8.248710	 358.600704	 0.676773
355.983426	 8.249850	 358.599408	 0.680778
355.981705	 8.251526	 358.597664	 0.684783
355.982801	 8.250297	 358.598960	 0.688787
355.985550	 8.247525	 358.601665	 0.692792
355.984991	 8.248129	 358.601084	 0.696796
355.986399	 8.246766	 358.602157	 0.700801
355.987293	 8.245782	 358.602917	 0.704805
355.985662	 8.247481	 358.601620	 0.708810
355.983404	 8.249872	 358.599519	 0.712815
355.984298	 8.248889	 358.600302	 0.716819
355.983136	 8.250118	 358.598960	 0.720824
355.983359	 8.249895	 358.599095	 0.724828
355.982130	 8.250990	 358.597955	 0.728833
355.980342	 8.252778	 358.596435	 0.732838
355.983091	 8.250163	 358.599296	 0.736842
355.986578	 8.246810	 358.602470	 0.740847
355.985282	 8.248040	 358.601151	 0.744851
355.983829	 8.249559	 358.599855	 0.748856
355.983337	 8.249895	 358.599318	 0.752860
355.984633	 8.248598	 358.600637	 0.756865
355.985729	 8.247660	 358.601464	 0.760870
355.984589	 8.248934	 358.600190	 0.764874
355.983829	 8.249582	 358.599676	 0.768879
355.983069	 8.250252	 358.599184	 0.772883
355.983203	 8.250163	 358.599452	 0.776888
355.984455	 8.248978	 358.600570	 0.780892
355.985438	 8.247973	 358.601464	 0.784897
355.985326	 8.247995	 358.601330	 0.788902
355.982935	 8.250319	 358.599028	 0.792906
355.983583	 8.249738	 358.599564	 0.796911
355.983002	 8.250342	 358.598715	 0.800915
355.982622	 8.250744	 358.598379	 0.804920
355.982443	 8.251079	 358.598536	 0.808924
355.983382	 8.250051	 358.599698	 0.812929
355.984499	 8.248978	 358.600615	 0.816934
355.985796	 8.247749	 358.601911	 0.820938
355.984812	 8.248710	 358.601039	 0.824943
355.981728	 8.251795	 358.598066	 0.828947
355.979425	 8.254164	 358.595697	 0.832952
355.980901	 8.252733	 358.597038	 0.836957
355.980789	 8.252800	 358.597038	 0.840961
355.982197	 8.251348	 358.598424	 0.844966
355.980454	 8.253136	 358.596859	 0.848970
355.978665	 8.254991	 358.595250	 0.852975
355.980297	 8.253292	 358.596345	 0.856979
355.981750	 8.251839	 358.597530	 0.860984
355.984320	 8.249403	 358.599966	 0.864989
355.982756	 8.250901	 358.598558	 0.868993
355.981638	 8.251996	 358.597463	 0.872998
355.980007	 8.253672	 358.596032	 0.877002
355.979984	 8.253851	 358.596032	 0.881007
355.982152	 8.251683	 358.597977	 0.885011
355.980454	 8.253359	 358.596457	 0.889016
355.979336	 8.254365	 358.595496	 0.893021
355.981169	 8.252555	 358.597284	 0.897025
355.984790	 8.249045	 358.600749	 0.901030
355.984343	 8.249448	 358.600413	 0.905034
355.983963	 8.249805	 358.600212	 0.909039
355.984209	 8.249604	 358.600078	 0.913043
355.984075	 8.249828	 358.599966	 0.917048
355.983739	 8.250364	 358.599922	 0.921053
355.984253	 8.249895	 358.600100	 0.925057
355.982868	 8.251124	 358.599095	 0.929062
355.981191	 8.252599	 358.597753	 0.933066
355.983717	 8.250074	 358.600056	 0.937071
355.985662	 8.248263	 358.601889	 0.941076
355.986936	 8.247034	 358.603118	 0.945080
355.982890	 8.250901	 358.598983	 0.949085
355.980565	 8.253180	 358.596748	 0.953089
355.982577	 8.251348	 358.598737	 0.957094
355.982354	 8.251705	 358.598268	 0.961098
355.980230	 8.253873	 358.596055	 0.965103
355.979805	 8.254097	 358.595831	 0.969108
355.977794	 8.256153	 358.594065	 0.973112
355.977682	 8.256332	 358.593842	 0.977117
355.978911	 8.255080	 358.595116	 0.981121
355.981303	 8.252711	 358.597396	 0.985126
355.980789	 8.253270	 358.596949	 0.989130
355.978174	 8.255796	 358.594736	 0.993135
355.978509	 8.255527	 358.594825	 0.997140
355.981102	 8.252957	 358.597083	 1.001144
355.981594	 8.252443	 358.597552	 1.005149
355.981996	 8.251996	 358.598312	 1.009153
355.980699	 8.253292	 358.596949	 1.013158
355.979917	 8.254164	 358.595854	 1.017162
355.981750	 8.252353	 358.597329	 1.021167
355.980744	 8.253292	 358.596256	 1.025172
355.978174	 8.255863	 358.593842	 1.029176
355.975894	 8.258053	 358.591942	 1.033181
355.979180	 8.254857	 358.595049	 1.037185
355.985282	 8.248889	 358.600860	 1.041190
355.985796	 8.248308	 358.601442	 1.045195
355.981258	 8.252733	 358.597016	 1.049199
355.981325	 8.252778	 358.597016	 1.053204
355.981705	 8.252443	 358.597396	 1.057208
355.982868	 8.251348	 358.598402	 1.061213
355.981750	 8.252398	 358.597351	 1.065217
355.983829	 8.250342	 358.599653	 1.069222
355.984522	 8.249582	 358.600771	 1.073227
355.985371	 8.248777	 358.601687	 1.077231
355.984253	 8.249939	 358.600324	 1.081236
355.981705	 8.252465	 358.597731	 1.085240
355.979761	 8.254455	 358.596077	 1.089245
355.981281	 8.252845	 358.597508	 1.093249
355.984946	 8.249224	 358.600972	 1.097254
355.984902	 8.249336	 358.600927	 1.101259
355.983538	 8.250699	 358.599475	 1.105263
355.981147	 8.253002	 358.597441	 1.109268
355.980968	 8.253225	 358.597530	 1.113272
355.983829	 8.250387	 358.600190	 1.117277
355.984477	 8.249828	 358.600503	 1.121281
355.982957	 8.251303	 358.598625	 1.125286
355.979582	 8.254633	 358.595295	 1.129291
355.979582	 8.254633	 358.595518	 1.133295
355.982488	 8.251906	 358.598580	 1.137300
355.984320	 8.250029	 358.600391	 1.141304
355.983024	 8.251325	 358.598983	 1.145309
355.979537	 8.254857	 358.595451	 1.149314
355.979135	 8.255125	 358.595339	 1.153318
355.980945	 8.253337	 358.597172	 1.157323
355.981236	 8.253180	 358.597463	 1.161327
355.979537	 8.254857	 358.595652	 1.165332
355.979470	 8.254812	 358.595608	 1.169336
355.978062	 8.256198	 358.594512	 1.173341
355.977816	 8.256489	 358.593887	 1.177346
355.980007	 8.254276	 358.595742	 1.181350
355.978911	 8.255416	 358.594781	 1.185355
355.978598	 8.255796	 358.594401	 1.189359
355.980856	 8.253449	 358.596569	 1.193364
355.982354	 8.251929	 358.597821	 1.197368
355.982130	 8.252264	 358.597619	 1.201373
355.982197	 8.252085	 358.597463	 1.205378
355.981102	 8.253113	 358.596524	 1.209382
355.980699	 8.253471	 358.596792	 1.213387
355.980118	 8.254142	 358.596345	 1.217391
355.982421	 8.251996	 358.598290	 1.221396
355.984276	 8.250118	 358.600369	 1.225400
355.983136	 8.251214	 358.599363	 1.229405
355.982219	 8.252063	 358.598335	 1.233410
355.982823	 8.251549	 358.599005	 1.237414
355.983583	 8.250901	 358.599631	 1.241419
355.983739	 8.250722	 358.599765	 1.245423
355.982152	 8.252242	 358.598201	 1.249428
355.980632	 8.253739	 358.597016	 1.253432
355.981303	 8.253136	 358.597441	 1.257437
355.982197	 8.252286	 358.597910	 1.261442
355.984298	 8.250163	 358.599765	 1.265446
355.984924	 8.249492	 358.600547	 1.269451
355.984946	 8.249582	 358.600436	 1.273455
355.983538	 8.250990	 358.599117	 1.277460
355.981906	 8.252666	 358.597530	 1.281465
355.980588	 8.253873	 358.596502	 1.285469
355.978844	 8.255594	 358.595161	 1.289474
355.976408	 8.257986	 358.592881	 1.293478
355.976766	 8.257718	 358.592724	 1.297483
355.979560	 8.254857	 358.595116	 1.301487
355.980744	 8.253628	 358.596390	 1.305492
355.980744	 8.253628	 358.596435	 1.309497
355.979940	 8.254566	 358.595854	 1.313501
355.979582	 8.255013	 358.595407	 1.317506
355.980565	 8.253963	 358.596234	 1.321510
355.980454	 8.254231	 358.596077	 1.325515
355.978889	 8.255572	 358.594714	 1.329519
355.978531	 8.255930	 358.594557	 1.333524
355.979358	 8.255282	 358.595116	 1.337529
355.980297	 8.254298	 358.595787	 1.341533
355.979448	 8.255170	 358.595272	 1.345538
355.980521	 8.254030	 358.596345	 1.349542
355.981147	 8.253292	 358.597038	 1.353547
355.980118	 8.254477	 358.596077	 1.357551
355.981236	 8.253449	 358.597016	 1.361556
355.980208	 8.254455	 358.596077	 1.365561
355.979470	 8.255058	 358.595742	 1.369565
355.976319	 8.257740	 358.591987	 1.373570
355.969613	 8.263015	 358.581928	 1.377574
355.968942	 8.263373	 358.580543	 1.381579
355.970395	 8.261764	 358.582130	 1.385584
355.969166	 8.263015	 358.581079	 1.389588
355.969635	 8.262680	 358.581884	 1.393593
355.971692	 8.260713	 358.583828	 1.397597
355.974553	 8.258210	 358.586622	 1.401602
355.975156	 8.257472	 358.586958	 1.405606
355.973882	 8.258455	 358.585661	 1.409611
355.972876	 8.259394	 358.584722	 1.413616
355.972094	 8.260221	 358.583895	 1.417620
355.971736	 8.260512	 358.583202	 1.421625
355.971602	 8.260668	 358.583158	 1.425629
355.971714	 8.260489	 358.583672	 1.429634
355.969725	 8.262859	 358.582085	 1.433638
355.968630	 8.264178	 358.580833	 1.437643
355.970194	 8.262501	 358.582219	 1.441648
355.969345	 8.263418	 358.581481	 1.445652
355.968585	 8.264178	 358.580900	 1.449657
355.969278	 8.263239	 358.581660	 1.453661
355.967311	 8.265429	 358.579514	 1.457666
355.968942	 8.263820	 358.580811	 1.461670
355.971580	 8.260959	 358.583314	 1.465675
355.971356	 8.261004	 358.583381	 1.469680
355.970082	 8.262456	 358.582264	 1.473684
355.970395	 8.262188	 358.582510	 1.477689
355.973145	 8.259685	 358.585125	 1.481693
355.973636	 8.259171	 358.585795	 1.485698
355.972809	 8.259864	 358.585169	 1.489703
355.972206	 8.260333	 358.584477	 1.493707
355.972586	 8.259841	 358.584767	 1.497712
355.974150	 8.258321	 358.586242	 1.501716
355.974933	 8.257763	 358.587114	 1.505721
355.972228	 8.260378	 358.584611	 1.509725
355.971222	 8.260937	 358.583337	 1.513730
355.971580	 8.260445	 358.583270	 1.517735
355.969859	 8.262211	 358.581459	 1.521739
355.969054	 8.263105	 358.580766	 1.525744
355.967512	 8.264669	 358.579447	 1.529748
355.963913	 8.268626	 358.576251	 1.533753
355.965903	 8.266837	 358.578218	 1.537757
355.969792	 8.262948	 358.581861	 1.541762
355.971446	 8.261071	 358.583359	 1.545767
355.970932	 8.261227	 358.582755	 1.549771
355.969121	 8.263127	 358.581079	 1.553776
355.967266	 8.265295	 358.579291	 1.557780
355.969345	 8.262926	 358.581101	 1.561785
355.969635	 8.262635	 358.581370	 1.565789
355.968495	 8.263798	 358.580520	 1.569794
355.968630	 8.263842	 358.580923	 1.573799
355.969948	 8.262903	 358.582219	 1.577803
355.968630	 8.264289	 358.580789	 1.581808
355.968518	 8.264356	 358.580654	 1.585812
355.968831	 8.263842	 358.581034	 1.589817
355.969769	 8.262814	 358.582040	 1.593822
355.969501	 8.263351	 358.581683	 1.597826
355.970127	 8.262747	 358.582219	 1.601831
355.969993	 8.262725	 358.582018	 1.605835
355.967803	 8.264803	 358.579939	 1.609840
355.966730	 8.265876	 358.579090	 1.613844
355.967043	 8.265429	 358.579090	 1.617849
355.967423	 8.265027	 358.579134	 1.621854
355.967959	 8.264066	 358.579447	 1.625858
355.966596	 8.265250	 358.578196	 1.629863
355.966953	 8.264982	 358.578822	 1.633867
355.967445	 8.264513	 358.579202	 1.637872
355.969099	 8.262948	 358.580721	 1.641876
355.969926	 8.262613	 358.581772	 1.645881
355.967579	 8.265049	 358.579917	 1.649886
355.970172	 8.262546	 358.582532	 1.653890
355.971200	 8.261585	 358.583448	 1.657895
355.972295	 8.260489	 358.584432	 1.661899
355.971803	 8.261026	 358.584186	 1.665904
355.972139	 8.260601	 358.584678	 1.669908
355.970284	 8.262412	 358.582845	 1.673913
355.971714	 8.261071	 358.584097	 1.677918
355.972251	 8.260489	 358.584454	 1.681922
355.969926	 8.262993	 358.581995	 1.685927
355.967512	 8.265206	 358.579872	 1.689931
355.967601	 8.265094	 358.580274	 1.693936
355.969524	 8.263149	 358.581884	 1.697941
355.969725	 8.263082	 358.581750	 1.701945
355.970753	 8.262009	 358.582934	 1.705950
355.972519	 8.260221	 358.584946	 1.709954
355.972340	 8.260400	 358.584812	 1.713959
355.971848	 8.261048	 358.584208	 1.717963
355.970306	 8.262524	 358.582375	 1.721968
355.969725	 8.262993	 358.581683	 1.725973
355.966931	 8.265630	 358.579067	 1.729977
355.966484	 8.265966	 358.578576	 1.733982
355.966618	 8.265787	 358.578643	 1.737986
355.965277	 8.267128	 358.577033	 1.741991
355.966193	 8.266167	 358.578017	 1.745995
355.968071	 8.264356	 358.580073	 1.750000
355.966953	 8.265541	 358.579246	 1.754005
355.968294	 8.264401	 358.580565	 1.758009
355.970239	 8.262456	 358.582085	 1.762014
355.971245	 8.261227	 358.583113	 1.766018
355.970418	 8.261786	 358.582353	 1.770023
355.968987	 8.263306	 358.581057	 1.774027
355.968294	 8.264580	 358.580654	 1.778032
355.968048	 8.264714	 358.580096	 1.782037
355.968026	 8.264625	 358.580029	 1.786041
355.969702	 8.263082	 358.582040	 1.790046
355.972072	 8.260668	 358.584655	 1.794050
355.971424	 8.261272	 358.583895	 1.798055
355.973033	 8.259573	 358.584968	 1.802059
355.973078	 8.259283	 358.584767	 1.806064
355.970440	 8.261942	 358.582554	 1.810069
355.969457	 8.263127	 358.581884	 1.814073
355.969501	 8.263283	 358.581638	 1.818078
355.969032	 8.263730	 358.581146	 1.822082
355.969792	 8.262769	 358.581727	 1.826087
355.970686	 8.261629	 358.582644	 1.830092
355.967490	 8.265005	 358.579827	 1.834096
355.968294	 8.264423	 358.580565	 1.838101
355.969792	 8.263038	 358.581750	 1.842105
355.969904	 8.262859	 358.581861	 1.846110
355.968026	 8.264513	 358.580297	 1.850114
355.965433	 8.267217	 358.577838	 1.854119
355.967221	 8.265407	 358.579559	 1.858124
355.970418	 8.262255	 358.582599	 1.862128
355.969658	 8.263082	 358.581750	 1.866133
355.967601	 8.264848	 358.579917	 1.870137
355.970909	 8.261384	 358.583024	 1.874142
355.973078	 8.259171	 358.584901	 1.878146
355.973525	 8.258612	 358.585281	 1.882151
355.972921	 8.259260	 358.584767	 1.886156
355.974150	 8.257986	 358.586064	 1.890160
355.975760	 8.256600	 358.587896	 1.894165
355.975112	 8.257271	 358.587025	 1.898169
355.974709	 8.257651	 358.586376	 1.902174
355.971982	 8.260400	 358.583784	 1.906178
355.972876	 8.259394	 358.584901	 1.910183
355.972206	 8.260087	 358.584253	 1.914188
355.970798	 8.261473	 358.582711	 1.918192
355.973010	 8.259283	 358.584722	 1.922197
355.975760	 8.256466	 358.587449	 1.926201
355.974955	 8.257070	 358.586801	 1.930206
355.973748	 8.258143	 358.585572	 1.934211
355.974039	 8.258031	 358.585773	 1.938215
355.976274	 8.255751	 358.587718	 1.942220
355.974665	 8.257584	 358.586287	 1.946224
355.974642	 8.257673	 358.586622	 1.950229
355.972161	 8.259975	 358.584186	 1.954233
355.971021	 8.261249	 358.582733	 1.958238
355.972206	 8.259975	 358.583717	 1.962243
355.971714	 8.260601	 358.583471	 1.966247
355.969121	 8.263060	 358.581034	 1.970252
355.968093	 8.263932	 358.580096	 1.974256
355.969032	 8.263239	 358.580990	 1.978261
355.970395	 8.261831	 358.582308	 1.982265
355.970306	 8.261920	 358.582197	 1.986270
355.972139	 8.259953	 358.584052	 1.990275
355.970954	 8.261272	 358.583091	 1.994279
355.969859	 8.262501	 358.581772	 1.998284
355.971580	 8.260735	 358.583270	 2.002288
355.973748	 8.258590	 358.585549	 2.006293
355.974329	 8.258098	 358.586443	 2.010297
355.973905	 8.258411	 358.586086	 2.014302
355.973145	 8.259260	 358.585147	 2.018307
355.975559	 8.256824	 358.587338	 2.022311
355.975201	 8.257271	 358.586958	 2.026316
355.971803	 8.260624	 358.583650	 2.030320
355.970798	 8.261317	 358.582711	 2.034325
355.969188	 8.263194	 358.581101	 2.038330
355.969680	 8.262747	 358.581548	 2.042334
355.969971	 8.262412	 358.581727	 2.046339
355.970127	 8.262188	 358.581973	 2.050343
355.969747	 8.262591	 358.581705	 2.054348
355.972385	 8.259953	 358.584231	 2.058352
355.972340	 8.259886	 358.584030	 2.062357
355.969971	 8.262166	 358.581638	 2.066362
355.968428	 8.263686	 358.580029	 2.070366
355.969613	 8.262479	 358.581370	 2.074371
355.971647	 8.260601	 358.583560	 2.078375
355.970529	 8.261965	 358.582420	 2.082380
355.970932	 8.261674	 358.582867	 2.086384
355.969837	 8.262725	 358.582040	 2.090389
355.967445	 8.265072	 358.579760	 2.094394
355.966774	 8.265653	 358.578956	 2.098398
355.967691	 8.264423	 358.579336	 2.102403
355.968339	 8.263663	 358.579760	 2.106407
355.968160	 8.264021	 358.579872	 2.110412
355.966841	 8.265429	 358.578844	 2.114416
355.967624	 8.264535	 358.579470	 2.118421
355.968495	 8.263820	 358.580230	 2.122426
355.969412	 8.262971	 358.581325	 2.126430
355.967691	 8.264692	 358.579872	 2.130435
355.965076	 8.267083	 358.577235	 2.134439
355.965947	 8.266346	 358.577838	 2.138444
355.968697	 8.263641	 358.580453	 2.142449
355.968652	 8.263686	 358.580319	 2.146453
355.967601	 8.264803	 358.579626	 2.150458
355.966104	 8.266368	 358.578442	 2.154462
355.968160	 8.264289	 358.580252	 2.158467
355.968518	 8.263887	 358.580073	 2.162471
355.968607	 8.263842	 358.580230	 2.166476
355.969010	 8.263306	 358.580856	 2.170481
355.968048	 8.264245	 358.580118	 2.174485
355.970641	 8.261898	 358.582688	 2.178490
355.970351	 8.262166	 358.582264	 2.182494
355.969389	 8.263172	 358.581414	 2.186499
355.968630	 8.263529	 358.580654	 2.190503
355.968831	 8.263149	 358.580744	 2.194508
355.969457	 8.262635	 358.581370	 2.198513
355.968607	 8.263753	 358.580431	 2.202517
355.966774	 8.265541	 358.578687	 2.206522
355.967713	 8.264535	 358.579760	 2.210526
355.966774	 8.265630	 358.579134	 2.214531
355.969054	 8.263440	 358.581370	 2.218535
355.968428	 8.264133	 358.580520	 2.222540
355.967959	 8.264401	 358.579805	 2.226545
355.968652	 8.263485	 358.580587	 2.230549
355.967981	 8.264155	 358.579984	 2.234554
355.968004	 8.264334	 358.580096	 2.238558
355.971960	 8.260422	 358.583940	 2.242563
355.973972	 8.258478	 358.585974	 2.246568
355.973435	 8.259081	 358.585639	 2.250572
355.968920	 8.263686	 358.581325	 2.254577
355.966104	 8.266636	 358.578330	 2.258581
355.968339	 8.264178	 358.580498	 2.262586
355.968562	 8.263976	 358.580677	 2.266590
355.968831	 8.263619	 358.581101	 2.270595
355.968786	 8.263730	 358.581079	 2.274600
355.970261	 8.262345	 358.582554	 2.278604
355.973368	 8.259171	 358.585415	 2.282609
355.972049	 8.260534	 358.584164	 2.286613
355.970954	 8.261562	 358.583426	 2.290618
355.971625	 8.260937	 358.584320	 2.294622
355.972273	 8.260378	 358.584767	 2.298627
355.975357	 8.257271	 358.587650	 2.302632
355.973905	 8.258701	 358.585929	 2.306636
355.972586	 8.259953	 358.584834	 2.310641
355.971468	 8.261026	 358.583873	 2.314645
355.972586	 8.260020	 358.584901	 2.318650
355.972228	 8.260333	 358.584499	 2.322654
355.972206	 8.260378	 358.584454	 2.326659
355.969926	 8.262680	 358.582286	 2.330664
355.966283	 8.266279	 358.578777	 2.334668
355.966484	 8.266100	 358.579045	 2.338673
355.968428	 8.264222	 358.580654	 2.342677
355.970619	 8.261965	 358.582711	 2.346682
355.969859	 8.262635	 358.582286	 2.350686
355.967154	 8.265250	 358.579649	 2.354691
355.968518	 8.263909	 358.580766	 2.358696
355.970328	 8.262188	 358.582353	 2.362700
355.969077	 8.263194	 358.580900	 2.366705
355.965590	 8.266726	 358.577793	 2.370709
355.964383	 8.268000	 358.577011	 2.374714
355.964740	 8.267419	 358.577056	 2.378719
355.964539	 8.267620	 358.576609	 2.382723
355.964472	 8.267754	 358.576385	 2.386728
355.963131	 8.269095	 358.575290	 2.390732
355.962818	 8.269385	 358.575178	 2.394737
355.963310	 8.268961	 358.575625	 2.398741
355.964740	 8.267284	 358.576720	 2.402746
355.965411	 8.266435	 358.577235	 2.406751
355.964025	 8.267821	 358.576184	 2.410755
355.962907	 8.268894	 358.575201	 2.414760
355.962036	 8.270056	 358.574284	 2.418764
355.965858	 8.266234	 358.577950	 2.422769
355.966685	 8.265429	 358.578620	 2.426773
355.967177	 8.264982	 358.579425	 2.430778
355.967601	 8.264401	 358.579961	 2.434783
355.968160	 8.263753	 358.580185	 2.438787
355.968965	 8.263038	 358.580789	 2.442792
355.967378	 8.264602	 358.579202	 2.446796
355.967557	 8.264334	 358.579559	 2.450801
355.967110	 8.264870	 358.579336	 2.454805
355.967624	 8.264356	 358.579671	 2.458810
355.967825	 8.264267	 358.579693	 2.462815
355.965657	 8.266346	 358.577637	 2.466819
355.961991	 8.270078	 358.574150	 2.470824
355.961052	 8.271062	 358.573390	 2.474828
355.963690	 8.268201	 358.575670	 2.478833
355.965970	 8.266010	 358.577838	 2.482838
355.967691	 8.264513	 358.579961	 2.486842
355.966439	 8.265586	 358.578822	 2.490847
355.962930	 8.269117	 358.575469	 2.494851
355.965657	 8.266569	 358.578196	 2.498856
355.966663	 8.265653	 358.579112	 2.502860
355.966953	 8.265183	 358.579358	 2.506865
355.965903	 8.266212	 358.578330	 2.510870
355.964562	 8.267463	 358.577257	 2.514874
355.965232	 8.266972	 358.577927	 2.518879
355.967646	 8.264602	 358.580118	 2.522883
355.969837	 8.262166	 358.581861	 2.526888
355.967043	 8.264848	 358.579224	 2.530892
355.964092	 8.267955	 358.576788	 2.534897
355.965903	 8.266100	 358.578419	 2.538902
355.967713	 8.264423	 358.579984	 2.542906
355.969010	 8.262971	 358.581303	 2.546911
355.967490	 8.264356	 358.579827	 2.550915
355.968965	 8.262747	 358.581213	 2.554920
355.969054	 8.262747	 358.581146	 2.558924
355.969278	 8.262524	 358.581124	 2.562929
355.969725	 8.262054	 358.581548	 2.566934
355.968406	 8.263395	 358.580520	 2.570938
355.966283	 8.265608	 358.578509	 2.574943
355.968428	 8.263440	 358.580431	 2.578947
355.971692	 8.260065	 358.583493	 2.582952
355.968875	 8.263038	 358.580856	 2.586957
355.966886	 8.265027	 358.579179	 2.590961
355.965724	 8.266055	 358.578084	 2.594966
355.968183	 8.263418	 358.580185	 2.598970
355.968495	 8.263172	 358.580297	 2.602975
355.967735	 8.263887	 358.579716	 2.606979
355.968406	 8.263216	 358.580520	 2.610984
355.967534	 8.264088	 358.579582	 2.614989
355.970373	 8.261384	 358.582375	 2.618993
355.969054	 8.262769	 358.581101	 2.622998
355.967154	 8.264468	 358.578978	 2.627002
355.967288	 8.264334	 358.579291	 2.631007
355.966439	 8.265362	 358.578710	 2.635011
355.964025	 8.268000	 358.576050	 2.639016
355.965433	 8.266524	 358.577235	 2.643021
355.968406	 8.263462	 358.580230	 2.647025
355.968495	 8.263395	 358.580721	 2.651030
355.967847	 8.263932	 358.580073	 2.655034
355.969926	 8.261786	 358.581951	 2.659039
355.970775	 8.260869	 358.582666	 2.663043
355.970395	 8.261093	 358.582264	 2.667048
355.968853	 8.262702	 358.580967	 2.671053
355.967311	 8.264468	 358.579582	 2.675057
355.967490	 8.264289	 358.579604	 2.679062
355.967870	 8.263730	 358.579537	 2.683066
355.967847	 8.263663	 358.579403	 2.687071
355.965634	 8.265966	 358.577570	 2.691076
355.966238	 8.265429	 358.578442	 2.695080
355.966953	 8.264625	 358.578844	 2.699085
355.968719	 8.262747	 358.580386	 2.703089
355.968697	 8.262903	 358.580364	 2.707094
355.968115	 8.263395	 358.580096	 2.711098
355.967758	 8.263865	 358.580073	 2.715103
355.965724	 8.266144	 358.578017	 2.719108
355.964249	 8.267754	 358.576229	 2.723112
355.966618	 8.265295	 358.578576	 2.727117
355.966953	 8.264759	 358.579134	 2.731121
355.966171	 8.265697	 358.578509	 2.735126
355.969188	 8.262725	 358.581459	 2.739130
355.972787	 8.259037	 358.584834	 2.743135
355.971848	 8.259707	 358.583627	 2.747140
355.969591	 8.261741	 358.581437	 2.751144
355.968004	 8.263306	 358.580140	 2.755149
355.967601	 8.263730	 358.579582	 2.759153
355.967668	 8.263730	 358.579403	 2.763158
355.970038	 8.261473	 358.581928	 2.767162
355.966171	 8.265340	 358.578397	 2.771167
355.963355	 8.268402	 358.575826	 2.775172
355.963980	 8.268044	 358.576631	 2.779176
355.967020	 8.264870	 358.579179	 2.783181
355.969121	 8.262926	 358.581079	 2.787185
355.963757	 8.268268	 358.576139	 2.791190
355.961365	 8.270682	 358.574061	 2.795195
355.962706	 8.269564	 358.575335	 2.799199
355.966663	 8.265407	 358.579023	 2.803204
355.970082	 8.261585	 358.581951	 2.807208
355.969255	 8.262389	 358.581303	 2.811213
355.966730	 8.264982	 358.579067	 2.815217
355.966640	 8.265139	 358.578710	 2.819222
355.966953	 8.264915	 358.578866	 2.823227
355.967512	 8.264222	 358.579313	 2.827231
355.968227	 8.263172	 358.580029	 2.831236
355.968004	 8.263462	 358.579872	 2.835240
355.968294	 8.263351	 358.580207	 2.839245
355.967892	 8.263865	 358.579626	 2.843249
355.969054	 8.262680	 358.581034	 2.847254
355.968585	 8.262903	 358.580744	 2.851259
355.968473	 8.263194	 358.580833	 2.855263
355.967758	 8.263887	 358.579917	 2.859268
355.968183	 8.263395	 358.579939	 2.863272
355.967065	 8.264669	 358.578777	 2.867277
355.968138	 8.263373	 358.580230	 2.871281
355.969166	 8.262255	 358.581414	 2.875286
355.968987	 8.262501	 358.580945	 2.879291
355.971356	 8.260244	 358.583046	 2.883295
355.969077	 8.262389	 358.580967	 2.887300
355.968585	 8.262881	 358.580766	 2.891304
355.968183	 8.263373	 358.580364	 2.895309
355.969188	 8.262278	 358.581213	 2.899314
355.968987	 8.262568	 358.581079	 2.903318
355.971446	 8.260110	 358.583538	 2.907323
355.969457	 8.262166	 358.581817	 2.911327
355.969099	 8.262680	 358.581548	 2.915332
355.968898	 8.262903	 358.581236	 2.919336
355.969144	 8.262412	 358.581101	 2.923341
355.968674	 8.262680	 358.580587	 2.927346
355.966663	 8.264848	 358.579000	 2.931350
355.965880	 8.265697	 358.578464	 2.935355
355.966193	 8.265608	 358.578620	 2.939359
355.968674	 8.263283	 358.581325	 2.943364
355.976050	 8.256958	 358.591026	 2.947368
355.976229	 8.257092	 358.592590	 2.951373
355.975469	 8.257941	 358.591875	 2.955378
355.978934	 8.254566	 358.595027	 2.959382
355.980141	 8.253449	 358.596077	 2.963387
355.980096	 8.253516	 358.596010	 2.967391
355.981102	 8.252398	 358.597239	 2.971396
355.980789	 8.252599	 358.597061	 2.975400
355.979537	 8.253896	 358.595608	 2.979405
355.980319	 8.253136	 358.596502	 2.983410
355.979492	 8.254007	 358.595742	 2.987414
355.977347	 8.256109	 358.593708	 2.991419
355.975715	 8.257696	 358.592277	 2.995423
355.977995	 8.255416	 358.594155	 2.999428
355.979895	 8.253404	 358.595675	 3.003432
355.981214	 8.252130	 358.597150	 3.007437
355.979850	 8.253560	 358.596278	 3.011442
355.979582	 8.253784	 358.595854	 3.015446
355.982108	 8.251325	 358.598290	 3.019451
355.984298	 8.249224	 358.600302	 3.023455
355.982041	 8.251370	 358.598469	 3.027460
355.979448	 8.253762	 358.596122	 3.031465
355.979291	 8.253963	 358.595965	 3.035469
355.979247	 8.254052	 358.595921	 3.039474
355.980230	 8.253024	 358.596636	 3.043478
355.979269	 8.253963	 358.595407	 3.047483
355.974597	 8.258657	 358.590936	 3.051487
355.972116	 8.261048	 358.588455	 3.055492
355.973547	 8.259707	 358.589953	 3.059497
355.973905	 8.259372	 358.590288	 3.063501
355.974754	 8.258545	 358.591048	 3.067506
355.976699	 8.256511	 358.592836	 3.071510
355.977682	 8.255416	 358.593775	 3.075515
355.978442	 8.254857	 358.594200	 3.079519
355.981392	 8.251996	 358.596904	 3.083524
355.980677	 8.252622	 358.596368	 3.087529
355.978174	 8.255080	 358.594289	 3.091533
355.975670	 8.257584	 358.592166	 3.095538
355.976140	 8.257047	 358.592657	 3.099542
355.976184	 8.257137	 358.592613	 3.103547
355.977391	 8.255907	 358.593440	 3.107551
355.978353	 8.254857	 358.594468	 3.111556
355.978554	 8.254544	 358.594624	 3.115561
355.976564	 8.256556	 358.592434	 3.119565
355.975916	 8.257293	 358.591696	 3.123570
355.977615	 8.255594	 358.593708	 3.127574
355.979202	 8.253918	 358.595272	 3.131579
355.980029	 8.253091	 358.596189	 3.135584
355.979917	 8.253292	 358.595831	 3.139588
355.979917	 8.253270	 358.595675	 3.143593
355.982018	 8.251146	 358.597821	 3.147597
355.982018	 8.251124	 358.597977	 3.151602
355.979761	 8.253337	 358.595831	 3.155606
355.979113	 8.254119	 358.595496	 3.159611
355.978218	 8.255192	 358.594289	 3.163616
355.976184	 8.257137	 358.592367	 3.167620
355.976900	 8.256310	 358.592926	 3.171625
355.978151	 8.255013	 358.594043	 3.175629
355.978397	 8.254790	 358.594177	 3.179634
355.977034	 8.256131	 358.592657	 3.183638
355.975581	 8.257606	 358.591249	 3.187643
355.975134	 8.257941	 358.591026	 3.191648
355.972206	 8.260937	 358.588098	 3.195652
355.974307	 8.258947	 358.589930	 3.199657
355.976609	 8.256578	 358.592188	 3.203661
355.976967	 8.256243	 358.592546	 3.207666
355.975782	 8.257204	 358.591808	 3.211670
355.970038	 8.261965	 358.584588	 3.215675
355.966707	 8.264178	 358.578933	 3.219680
355.969233	 8.261764	 358.581280	 3.223684
355.969389	 8.261562	 358.581370	 3.227689
355.966819	 8.264200	 358.579067	 3.231693
355.966014	 8.264960	 358.578352	 3.235698
355.966171	 8.265161	 358.578620	 3.239703
355.964718	 8.266636	 358.577011	 3.243707
355.965433	 8.265742	 358.577682	 3.247712
355.965210	 8.266100	 358.577883	 3.251716
355.967378	 8.264535	 358.581213	 3.255721
355.974977	 8.257986	 358.590556	 3.259725
355.975939	 8.257204	 358.591540	 3.263730
355.975737	 8.257316	 358.591607	 3.267735
355.975067	 8.257919	 358.590959	 3.271739
355.974374	 8.258590	 358.590109	 3.275744
355.974441	 8.258612	 358.590154	 3.279748
355.976721	 8.256354	 358.592389	 3.283753
355.979068	 8.254030	 358.594736	 3.287757
355.978531	 8.254544	 358.594334	 3.291762
355.976877	 8.256287	 358.592613	 3.295767
355.977861	 8.255304	 358.593618	 3.299771
355.979917	 8.253292	 358.595608	 3.303776
355.980074	 8.253091	 358.595831	 3.307780
355.978576	 8.254566	 358.594825	 3.311785
355.978800	 8.254276	 358.595071	 3.315789
355.979716	 8.253449	 358.596077	 3.319794
355.980632	 8.252644	 358.596703	 3.323799
355.980297	 8.252912	 358.596167	 3.327803
355.978621	 8.254343	 358.594580	 3.331808
355.978151	 8.255036	 358.594244	 3.335812
355.979336	 8.253940	 358.595049	 3.339817
355.979940	 8.253225	 358.595563	 3.343822
355.978777	 8.254455	 358.594825	 3.347826
355.977771	 8.255483	 358.593954	 3.351831
355.976251	 8.256913	 358.592523	 3.355835
355.976833	 8.256332	 358.593104	 3.359840
355.976207	 8.257003	 358.592322	 3.363844
355.975872	 8.257383	 358.591786	 3.367849
355.975715	 8.257338	 358.591875	 3.371854
355.975939	 8.257114	 358.592277	 3.375858
355.976631	 8.256489	 358.592836	 3.379863
355.977123	 8.256109	 358.593104	 3.383867
355.977391	 8.255684	 358.593551	 3.387872
355.970619	 8.261384	 358.585102	 3.391876
355.967445	 8.263619	 358.579827	 3.395881
355.968630	 8.262300	 358.580833	 3.399886
355.974173	 8.257651	 358.587338	 3.403890
355.980521	 8.252555	 358.595943	 3.407895
355.980319	 8.252823	 358.596301	 3.411899
355.978464	 8.254790	 358.594669	 3.415904
355.976341	 8.256980	 358.592523	 3.419908
355.976162	 8.257047	 358.592322	 3.423913
355.971133	 8.260825	 358.584946	 3.427918
355.965389	 8.265608	 358.577525	 3.431922
355.966081	 8.264848	 358.578129	 3.435927
355.968473	 8.262747	 358.580610	 3.439931
355.967490	 8.263954	 358.579716	 3.443936
355.966350	 8.264960	 358.578352	 3.447941
355.965299	 8.265697	 358.577346	 3.451945
355.966707	 8.264155	 358.578866	 3.455950
355.966394	 8.264580	 358.578531	 3.459954
355.967378	 8.263753	 358.579447	 3.463959
355.966752	 8.264200	 358.578799	 3.467963
355.968428	 8.262456	 358.580610	 3.471968
355.972586	 8.258433	 358.584901	 3.475973
355.972027	 8.259081	 358.584275	 3.479977
355.972608	 8.258545	 358.584544	 3.483982
355.971580	 8.259506	 358.583359	 3.487986
355.968898	 8.262166	 358.581034	 3.491991
355.969792	 8.261227	 358.582152	 3.495995
355.971021	 8.260042	 358.583381	 3.500000
