366.159617	 365.119590	 365.820697	 0.000000
366.099491	 365.057676	 365.769624	 0.004005
366.698026	 365.651092	 366.372450	 0.008009
367.132074	 366.084895	 366.801000	 0.012014
366.805448	 365.762739	 366.467177	 0.016018
366.161271	 365.120618	 365.823782	 0.020023
366.101391	 365.057385	 365.772127	 0.024027
366.701915	 365.655160	 366.377323	 0.028032
367.130286	 366.083979	 366.800084	 0.032037
366.801671	 365.759007	 366.462952	 0.036041
366.166032	 365.126072	 365.827604	 0.040046
366.109616	 365.067108	 365.780285	 0.044050
366.707056	 365.660659	 366.382665	 0.048055
367.134779	 366.089611	 366.804755	 0.052059
366.806722	 365.765310	 366.467914	 0.056064
366.173184	 365.132778	 365.833415	 0.060069
366.120613	 365.077502	 365.789204	 0.064073
366.714119	 365.667744	 366.389259	 0.068078
367.139517	 366.093746	 366.809874	 0.072082
366.812109	 365.770294	 366.474173	 0.076087
366.177230	 365.136890	 365.838646	 0.080092
366.120345	 365.076451	 365.790545	 0.084096
366.712800	 365.665263	 366.389773	 0.088101
367.136880	 366.090706	 366.809829	 0.092105
366.807639	 365.765936	 366.472362	 0.096110
366.171128	 365.131370	 365.834913	 0.100114
366.120479	 365.077055	 365.791484	 0.104119
366.719573	 365.671656	 366.395092	 0.108124
367.132208	 366.083666	 366.803861	 0.112128
366.797290	 365.755386	 366.461611	 0.116133
366.168848	 365.127011	 365.830689	 0.120137
366.109124	 365.064627	 365.779861	 0.124142
366.697780	 365.650221	 366.373970	 0.128146
367.120787	 366.072378	 366.790852	 0.132151
366.785577	 365.741595	 366.447731	 0.136156
366.142697	 365.101753	 365.804716	 0.140160
366.088382	 365.045047	 365.759789	 0.144165
366.681776	 365.634239	 366.358816	 0.148169
367.102793	 366.055949	 366.774849	 0.152174
366.770825	 365.728161	 366.434990	 0.156178
366.130738	 365.090444	 365.795172	 0.160183
366.082503	 365.038833	 365.754603	 0.164188
366.689353	 365.642666	 366.366393	 0.168192
367.107979	 366.062968	 366.780727	 0.172197
366.771585	 365.729323	 366.435415	 0.176201
366.141177	 365.101105	 365.804783	 0.180206
366.100496	 365.057944	 365.772306	 0.184211
366.700574	 365.654289	 366.378284	 0.188215
367.115266	 366.070523	 366.788930	 0.192220
366.778179	 365.737884	 366.443439	 0.196224
366.146832	 365.107856	 365.811645	 0.200229
366.104632	 365.063107	 365.778073	 0.204233
366.702720	 365.657239	 366.381525	 0.208238
367.118753	 366.073518	 366.791568	 0.212243
366.782292	 365.741125	 366.446278	 0.216247
366.153515	 365.114561	 365.818015	 0.220252
366.112723	 365.070416	 365.785627	 0.224256
366.715706	 365.668951	 366.393573	 0.228261
367.129973	 366.083733	 366.802744	 0.232265
366.792127	 365.749909	 366.455710	 0.236270
366.158902	 365.119255	 365.822441	 0.240275
366.115852	 365.073277	 365.787840	 0.244279
366.712755	 365.666582	 366.390667	 0.248284
367.126710	 366.081319	 366.799525	 0.252288
366.787701	 365.746311	 366.451598	 0.256293
366.157605	 365.118204	 365.821323	 0.260297
366.120434	 365.078374	 365.792735	 0.264302
366.725228	 365.679457	 366.402401	 0.268307
367.137573	 366.092651	 366.809784	 0.272311
366.797603	 365.756280	 366.460270	 0.276316
366.163528	 365.123502	 365.825838	 0.280320
366.123742	 365.080720	 365.794680	 0.284325
366.727016	 365.680463	 366.403050	 0.288330
367.135338	 366.089723	 366.806745	 0.292334
366.790763	 365.749328	 366.453922	 0.296339
366.160734	 365.121200	 365.823357	 0.300343
366.127654	 365.085057	 365.797742	 0.304348
366.729832	 365.683078	 366.404838	 0.308352
367.138087	 366.092025	 366.808220	 0.312357
366.799033	 365.757397	 366.460158	 0.316362
366.171709	 365.131861	 365.832253	 0.320366
366.130805	 365.087873	 365.800245	 0.324371
366.727463	 365.680731	 366.403229	 0.328375
367.142535	 366.096272	 366.812087	 0.332380
366.800441	 365.758135	 366.460740	 0.336384
366.167485	 365.127234	 365.828140	 0.340389
366.129464	 365.086688	 365.799016	 0.344394
366.734414	 365.687995	 366.409263	 0.348398
367.144837	 366.099401	 366.814702	 0.352403
366.799279	 365.757956	 366.460628	 0.356407
366.168692	 365.129134	 365.829996	 0.360412
366.132750	 365.090354	 365.802794	 0.364416
366.734124	 365.687950	 366.409442	 0.368421
367.140724	 366.095199	 366.810723	 0.372426
366.793959	 365.752525	 366.455174	 0.376430
366.161740	 365.121982	 365.822843	 0.380435
366.124726	 365.081726	 365.794211	 0.384439
366.723887	 365.677065	 366.399093	 0.388444
367.128811	 366.083174	 366.800106	 0.392449
366.781062	 365.739672	 366.444266	 0.396453
366.150028	 365.110337	 365.812986	 0.400458
366.118333	 365.075468	 365.789718	 0.404462
366.721629	 365.674964	 366.398333	 0.408467
367.129504	 366.083800	 366.801224	 0.412471
366.776547	 365.735068	 366.440019	 0.416476
366.145401	 365.105687	 365.808627	 0.420481
366.116143	 365.073277	 365.787192	 0.424485
366.724624	 365.677758	 366.400211	 0.428490
367.125838	 366.079978	 366.796932	 0.432494
366.770423	 365.728720	 366.433627	 0.436499
366.136460	 365.096568	 365.799687	 0.440503
366.104609	 365.061900	 365.776396	 0.444508
366.709023	 365.662581	 366.385660	 0.448513
367.110639	 366.065181	 366.781912	 0.452517
366.762756	 365.721232	 366.424239	 0.456522
366.134672	 365.094869	 365.795574	 0.460526
366.100832	 365.058101	 365.770719	 0.464531
366.703547	 365.657038	 366.379089	 0.468535
367.103933	 366.058475	 366.774737	 0.472540
366.745098	 365.703999	 366.408548	 0.476545
366.112186	 365.072786	 365.776150	 0.480549
366.087108	 365.044712	 365.759409	 0.484554
366.695120	 365.648969	 366.372562	 0.488558
367.099105	 366.053871	 366.771205	 0.492563
366.745948	 365.704915	 366.409666	 0.496568
366.118423	 365.078955	 365.781761	 0.500572
366.095289	 365.052602	 365.766181	 0.504577
366.702518	 365.655965	 366.378440	 0.508581
367.104514	 366.058676	 366.774916	 0.512586
366.746529	 365.704759	 366.408571	 0.516590
366.112119	 365.072249	 365.775234	 0.520595
366.090326	 365.047327	 365.761577	 0.524600
366.697355	 365.650377	 366.373456	 0.528604
367.097295	 366.051144	 366.767987	 0.532609
366.743690	 365.701473	 366.405665	 0.536613
366.113818	 365.073277	 365.776173	 0.540618
366.086862	 365.043237	 365.757800	 0.544622
366.692482	 365.645013	 366.368583	 0.548627
367.093070	 366.046495	 366.763628	 0.552632
366.732380	 365.689917	 366.394623	 0.556636
366.104408	 365.063756	 365.766606	 0.560641
366.085364	 365.041717	 365.755386	 0.564645
366.698182	 365.650712	 366.372674	 0.568650
367.096602	 366.050496	 366.766355	 0.572654
366.740762	 365.698947	 366.401776	 0.576659
366.115405	 365.075289	 365.776351	 0.580664
366.092338	 365.049249	 365.762002	 0.584668
366.698249	 365.651271	 366.372942	 0.588673
367.096758	 366.050585	 366.765640	 0.592677
366.736582	 365.694276	 366.396702	 0.596682
366.108163	 365.067309	 365.768104	 0.600686
366.088181	 365.044108	 365.756503	 0.604691
366.692527	 365.644923	 366.366415	 0.608696
367.085650	 366.039275	 366.755358	 0.612700
366.723238	 365.681245	 366.385884	 0.616705
366.097278	 365.057050	 365.759923	 0.620709
366.074926	 365.031457	 365.746065	 0.624714
366.678960	 365.631445	 366.354926	 0.628719
367.075591	 366.029127	 366.745769	 0.632723
366.720690	 365.678428	 366.382106	 0.636728
366.095087	 365.054435	 365.756235	 0.640732
366.070165	 365.026115	 365.739695	 0.644737
366.675160	 365.627154	 366.349450	 0.648741
367.067455	 366.020611	 366.737298	 0.652746
366.708285	 365.665688	 366.370081	 0.656751
366.084269	 365.043460	 365.745998	 0.660755
366.067036	 365.023165	 365.736677	 0.664760
366.675987	 365.628361	 366.350165	 0.668764
367.073066	 366.026468	 366.742036	 0.672769
366.713650	 365.671365	 366.374417	 0.676773
366.086862	 365.046634	 365.749082	 0.680778
366.068042	 365.024975	 365.739426	 0.684783
366.676166	 365.629322	 366.352222	 0.688787
367.067500	 366.021617	 366.738192	 0.692792
366.706631	 365.664995	 366.369097	 0.696796
366.081520	 365.041650	 365.744098	 0.700801
366.067572	 365.024416	 365.738398	 0.704805
366.670980	 365.624069	 366.347416	 0.708810
367.063968	 366.018197	 366.735353	 0.712815
366.702429	 365.660927	 366.365432	 0.716819
366.079754	 365.039862	 365.742712	 0.720824
366.065963	 365.022964	 365.736990	 0.724828
366.678244	 365.631579	 366.353652	 0.728833
367.073513	 366.027809	 366.743020	 0.732838
366.710967	 365.669331	 366.372003	 0.736842
366.086884	 365.046701	 365.748077	 0.740847
366.076558	 365.032932	 365.745953	 0.744851
366.688124	 365.640453	 366.361900	 0.748856
367.080620	 366.033821	 366.749077	 0.752860
366.717740	 365.675031	 366.378150	 0.756865
366.097658	 365.056625	 365.758336	 0.760870
366.087018	 365.042588	 365.755833	 0.764874
366.698093	 365.649796	 366.371958	 0.768879
367.091528	 366.044349	 366.760052	 0.772883
366.724378	 365.681379	 366.384475	 0.776888
366.098530	 365.057452	 365.759096	 0.780892
366.085409	 365.041650	 365.754760	 0.784897
366.696752	 365.649572	 366.370617	 0.788902
367.083437	 366.037822	 366.752162	 0.792906
366.715684	 365.674271	 366.376764	 0.796911
366.091377	 365.051574	 365.753620	 0.800915
366.082347	 365.039616	 365.753419	 0.804920
366.692505	 365.646197	 366.368852	 0.808924
367.081358	 366.036056	 366.752452	 0.812929
366.714700	 365.673779	 366.377323	 0.816934
366.092606	 365.053317	 365.755587	 0.820938
366.084135	 365.041650	 365.756168	 0.824943
366.695701	 365.649215	 366.372584	 0.828947
367.089516	 366.043723	 366.760052	 0.832952
366.726412	 365.684843	 366.388610	 0.836957
366.099222	 365.059531	 365.762605	 0.840961
366.087264	 365.044980	 365.760750	 0.844966
366.699836	 365.653819	 366.378329	 0.848970
367.087728	 366.042784	 366.760052	 0.852975
366.725809	 365.685223	 366.388633	 0.856979
366.106978	 365.068427	 365.769557	 0.860984
366.098127	 365.056670	 365.769802	 0.864989
366.707257	 365.662156	 366.384542	 0.868993
367.092355	 366.048260	 366.764790	 0.872998
366.726055	 365.686073	 366.389639	 0.877002
366.107358	 365.068852	 365.770585	 0.881007
366.104520	 365.062929	 365.776329	 0.885011
366.717561	 365.672170	 366.394243	 0.889016
367.101072	 366.056575	 366.772122	 0.893021
366.733431	 365.692599	 366.395651	 0.897025
366.113751	 365.074104	 365.776262	 0.901030
366.108498	 365.065790	 365.780285	 0.905034
366.717271	 365.670829	 366.394042	 0.909039
367.099105	 366.053781	 366.770669	 0.913043
366.727664	 365.686386	 366.390734	 0.917048
366.107247	 365.067667	 365.771144	 0.921053
366.111114	 365.068293	 365.783213	 0.925057
366.729229	 365.682452	 366.405531	 0.929062
367.106906	 366.061314	 366.778023	 0.933066
366.735599	 365.694119	 366.398043	 0.937071
366.116880	 365.076988	 365.779637	 0.941076
366.115718	 365.072629	 365.787326	 0.945080
366.726278	 365.679546	 366.403206	 0.949085
367.103419	 366.057916	 366.775229	 0.953089
366.729966	 365.688755	 366.393349	 0.957094
366.110510	 365.071020	 365.774452	 0.961098
366.112186	 365.069589	 365.784219	 0.965103
366.733051	 365.686341	 366.408392	 0.969108
367.118261	 366.072736	 366.787924	 0.973112
366.742528	 365.701294	 366.403720	 0.977117
366.119160	 365.079491	 365.780978	 0.981121
366.119585	 365.076742	 365.790590	 0.985126
366.735800	 365.689157	 366.411454	 0.989130
367.117903	 366.072199	 366.787746	 0.993135
366.741254	 365.699618	 366.402580	 0.997140
366.120211	 365.080184	 365.782006	 1.001144
366.121798	 365.078843	 365.792355	 1.005149
366.737119	 365.690342	 366.412013	 1.009153
367.115087	 366.069361	 366.784728	 1.013158
366.736694	 365.694924	 366.398132	 1.017162
366.112388	 365.072160	 365.774921	 1.021167
366.117461	 365.074015	 365.788734	 1.025172
366.731620	 365.684463	 366.407632	 1.029176
367.107085	 366.061180	 366.777911	 1.033181
366.724512	 365.682742	 366.386979	 1.037185
366.105749	 365.065432	 365.768193	 1.041190
366.106531	 365.062929	 365.777693	 1.045195
366.719863	 365.672572	 366.395607	 1.049199
367.096557	 366.050384	 366.766556	 1.053204
366.718969	 365.676797	 366.380564	 1.057208
366.103425	 365.062750	 365.765287	 1.061213
366.110622	 365.066818	 365.781247	 1.065217
366.721540	 365.674405	 366.397819	 1.069222
367.094814	 366.048976	 366.765371	 1.073227
366.709023	 365.667677	 366.371578	 1.077231
366.091019	 365.051529	 365.754536	 1.081236
366.097926	 365.055575	 365.770696	 1.085240
366.713582	 365.667588	 366.391360	 1.089245
367.088533	 366.043611	 366.760588	 1.093249
366.701691	 365.661039	 366.365812	 1.097254
366.085521	 365.046701	 365.750066	 1.101259
366.098641	 365.056961	 365.771635	 1.105263
366.714320	 365.669063	 366.392991	 1.109268
367.082677	 366.038515	 366.756610	 1.113272
366.699590	 365.659675	 366.364761	 1.117277
366.084984	 365.046478	 365.750178	 1.121281
366.098150	 365.056335	 365.771859	 1.125286
366.715728	 365.670136	 366.394198	 1.129291
367.084756	 366.040326	 366.757928	 1.133295
366.697690	 365.657217	 366.362302	 1.137300
366.081229	 365.041940	 365.746288	 1.141304
366.098530	 365.055552	 365.770540	 1.145309
366.718120	 365.671052	 366.393885	 1.149314
367.084487	 366.038448	 366.754576	 1.153318
366.696841	 365.654847	 366.358614	 1.157323
366.080827	 365.040241	 365.743092	 1.161327
366.094864	 365.051015	 365.765444	 1.165332
366.713203	 365.665710	 366.388029	 1.169336
367.081895	 366.035609	 366.750910	 1.173341
366.693734	 365.651629	 366.354323	 1.177346
366.076982	 365.036576	 365.738890	 1.181350
366.091489	 365.047953	 365.762382	 1.185355
366.713739	 365.666493	 366.388856	 1.189359
367.082185	 366.036079	 366.751379	 1.193364
366.694606	 365.652724	 366.356111	 1.197368
366.077295	 365.037045	 365.740276	 1.201373
366.093679	 365.049987	 365.765399	 1.205378
366.713270	 365.665822	 366.389594	 1.209382
367.081626	 366.035319	 366.752095	 1.213387
366.690940	 365.649036	 366.353518	 1.217391
366.077161	 365.036844	 365.741036	 1.221396
366.093053	 365.049629	 365.765667	 1.225400
366.712778	 365.665688	 366.389303	 1.229405
367.075703	 366.029798	 366.746507	 1.233410
366.681418	 365.639782	 366.344689	 1.237414
366.070545	 365.030630	 365.734263	 1.241419
366.089634	 365.046768	 365.762471	 1.245423
366.704530	 365.657977	 366.382844	 1.249428
367.069601	 366.024344	 366.742483	 1.253432
366.675272	 365.634172	 366.339638	 1.257437
366.062208	 365.022405	 365.726842	 1.261442
366.086147	 365.042901	 365.758112	 1.265446
366.707235	 365.660167	 366.383023	 1.269451
367.068327	 366.022511	 366.738125	 1.273455
366.670600	 365.628830	 366.331949	 1.277460
366.052574	 365.012481	 365.715622	 1.281465
366.075530	 365.032329	 365.747272	 1.285469
366.694941	 365.648008	 366.371198	 1.289474
367.057039	 366.011246	 366.727686	 1.293478
366.662933	 365.621387	 366.325422	 1.297483
366.050384	 365.010111	 365.713543	 1.301487
366.074770	 365.031390	 365.746713	 1.305492
366.694874	 365.647963	 366.371310	 1.309497
367.055944	 366.010218	 366.726412	 1.313501
366.659111	 365.617811	 366.321958	 1.317506
366.047299	 365.007519	 365.711062	 1.321510
366.075887	 365.032597	 365.747674	 1.325515
366.693600	 365.646689	 366.370170	 1.329519
367.045372	 366.000115	 366.717516	 1.333524
366.644069	 365.603371	 366.309150	 1.337529
366.035453	 364.996320	 365.701339	 1.341533
366.068802	 365.026316	 365.742533	 1.345538
366.690471	 365.644476	 366.368852	 1.349542
367.050982	 366.006329	 366.723350	 1.353547
366.653300	 365.612670	 366.317197	 1.357551
366.039879	 365.000634	 365.704960	 1.361556
366.067326	 365.024640	 365.741438	 1.365561
366.692997	 365.646711	 366.371131	 1.369565
367.049440	 366.004540	 366.721383	 1.373570
366.647734	 365.606769	 366.310826	 1.377574
366.038068	 364.998399	 365.701786	 1.381579
366.072467	 365.029222	 365.744388	 1.385584
366.698629	 365.651606	 366.374059	 1.389588
367.055899	 366.010106	 366.725071	 1.393593
366.653948	 365.612245	 366.314470	 1.397597
366.044505	 365.003965	 365.705340	 1.401602
366.079598	 365.035793	 365.749127	 1.405606
366.706452	 365.659072	 366.380541	 1.409611
367.062113	 366.015850	 366.730078	 1.413616
366.657793	 365.615732	 366.317755	 1.417620
366.050496	 365.009843	 365.711688	 1.421625
366.089164	 365.044935	 365.758783	 1.425629
366.715952	 365.667968	 366.389929	 1.429634
367.070070	 366.023562	 366.738549	 1.433638
366.667270	 365.625030	 366.327925	 1.437643
366.056978	 365.016035	 365.718684	 1.441648
366.093612	 365.049249	 365.763969	 1.445652
366.717516	 365.669443	 366.392321	 1.449657
367.070786	 366.024210	 366.739734	 1.453661
366.664029	 365.621879	 366.325400	 1.457666
366.052887	 365.012257	 365.715421	 1.461670
366.089611	 365.045874	 365.761041	 1.465675
366.709693	 365.662581	 366.386085	 1.469680
367.061800	 366.016074	 366.732716	 1.473684
366.655379	 365.614078	 366.318873	 1.477689
366.046718	 365.007004	 365.711464	 1.481693
366.087488	 365.044332	 365.760258	 1.485698
366.713247	 365.666493	 366.389952	 1.489703
367.060102	 366.015046	 366.731352	 1.493707
366.655759	 365.614905	 366.318225	 1.497712
366.050786	 365.011654	 365.714258	 1.501716
366.089164	 365.046768	 365.761309	 1.505721
366.715907	 365.670158	 366.392634	 1.509725
367.066360	 366.022087	 366.737342	 1.513730
366.658731	 365.618772	 366.321712	 1.517735
366.052396	 365.013688	 365.716382	 1.521739
366.092942	 365.050993	 365.765869	 1.525744
366.718589	 365.672818	 366.395852	 1.529748
367.068461	 366.023852	 366.739533	 1.533753
366.661190	 365.620761	 366.323746	 1.537757
366.048372	 365.009709	 365.713185	 1.541762
366.085588	 365.043684	 365.759811	 1.545767
366.712755	 365.667119	 366.390801	 1.549771
367.060794	 366.016744	 366.733230	 1.553776
366.653881	 365.613899	 366.317621	 1.557780
366.049266	 365.010290	 365.712515	 1.561785
366.089634	 365.047081	 365.761331	 1.565789
366.718813	 365.672528	 366.394891	 1.569794
367.069690	 366.024612	 366.740025	 1.573799
366.659156	 365.618459	 366.321443	 1.577803
366.049199	 365.009910	 365.712515	 1.581808
366.090975	 365.048243	 365.763209	 1.585812
366.719819	 365.673511	 366.396568	 1.589817
367.067813	 366.022757	 366.738482	 1.593822
366.662755	 365.621700	 366.324953	 1.597826
366.057313	 365.017622	 365.720807	 1.601831
366.097278	 365.054323	 365.770451	 1.605835
366.719908	 365.673399	 366.397886	 1.609840
367.068372	 366.023159	 366.739868	 1.613844
366.659603	 365.618571	 366.322807	 1.617849
366.050809	 365.010894	 365.715152	 1.621854
366.095356	 365.051730	 365.767813	 1.625858
366.722098	 365.674897	 366.398892	 1.629863
367.065421	 366.019583	 366.736247	 1.633867
366.656071	 365.614368	 366.318717	 1.637872
366.050294	 365.010111	 365.713834	 1.641876
366.091779	 365.048221	 365.763946	 1.645881
366.717561	 365.670628	 366.394020	 1.649886
367.065377	 366.020008	 366.735979	 1.653890
366.654395	 365.613340	 366.316817	 1.657895
366.047009	 365.007451	 365.710816	 1.661899
366.087175	 365.044377	 365.760281	 1.665904
366.715795	 365.669287	 366.392880	 1.669908
367.069623	 366.024366	 366.739421	 1.673913
366.658955	 365.617922	 366.320505	 1.677918
366.049870	 365.009955	 365.712649	 1.681922
366.093344	 365.049853	 365.764751	 1.685927
366.721406	 365.674293	 366.396992	 1.689931
367.071903	 366.026244	 366.740874	 1.693936
366.657882	 365.616693	 366.318560	 1.697941
366.045891	 365.006267	 365.708179	 1.701945
366.081743	 365.039057	 365.754223	 1.705950
366.705424	 365.659340	 366.382352	 1.709954
367.049596	 366.004764	 366.720176	 1.713959
366.635463	 365.594945	 366.298488	 1.717963
366.028703	 364.989503	 365.693047	 1.721968
366.078212	 365.035503	 365.750446	 1.725973
366.708889	 365.662559	 366.384408	 1.729977
367.046735	 366.001724	 366.716488	 1.733982
366.632803	 365.591838	 366.294554	 1.737986
366.028591	 364.989101	 365.691527	 1.741991
366.075865	 365.033335	 365.748501	 1.745995
366.702004	 365.655876	 366.379558	 1.750000
367.040834	 365.996270	 366.713001	 1.754005
366.622320	 365.582025	 366.286687	 1.758009
366.016230	 364.977098	 365.681871	 1.762014
366.066187	 365.023746	 365.740857	 1.766018
366.695858	 365.650019	 366.374261	 1.770023
367.038979	 365.994594	 366.710520	 1.774027
366.625092	 365.585110	 366.288184	 1.778032
366.021260	 364.982596	 365.685805	 1.782037
366.073898	 365.031591	 365.746914	 1.786041
366.701647	 365.655518	 366.378619	 1.790046
367.038756	 365.994125	 366.709805	 1.794050
366.626478	 365.585669	 366.288698	 1.798055
366.023495	 364.983759	 365.686945	 1.802059
366.078815	 365.035570	 365.751072	 1.806064
366.707659	 365.660905	 366.384252	 1.810069
367.040700	 365.995488	 366.711459	 1.814073
366.618833	 365.577734	 366.281456	 1.818078
366.017504	 364.977478	 365.681290	 1.822082
366.070679	 365.026942	 365.743696	 1.826087
366.701647	 365.653953	 366.378105	 1.830092
367.040879	 365.994348	 366.710073	 1.834096
366.621538	 365.579187	 366.282551	 1.838101
366.019874	 364.978819	 365.682318	 1.842105
366.076357	 365.031748	 365.747272	 1.846110
366.700596	 365.652568	 366.375624	 1.850114
367.038599	 365.992292	 366.707413	 1.854119
366.620845	 365.578874	 366.281657	 1.858124
366.019516	 364.978864	 365.681804	 1.862128
366.075954	 365.031681	 365.746959	 1.866133
366.706631	 365.658714	 366.381480	 1.870137
367.042287	 365.995823	 366.711057	 1.874142
366.619929	 365.577622	 366.280987	 1.878146
366.016633	 364.975690	 365.679680	 1.882151
366.075083	 365.030787	 365.746512	 1.886156
366.707190	 365.659228	 366.382575	 1.890160
367.044612	 365.998148	 366.713828	 1.894165
366.618543	 365.576527	 366.280205	 1.898169
366.013906	 364.973298	 365.677043	 1.902174
366.073943	 365.030071	 365.745663	 1.906178
366.701669	 365.654669	 366.378060	 1.910183
367.031022	 365.985877	 366.701714	 1.914188
366.605691	 365.565060	 366.269051	 1.918192
366.004585	 364.965765	 365.670181	 1.922197
366.065784	 365.023634	 365.740186	 1.926201
366.700864	 365.655071	 366.378485	 1.930206
367.035313	 365.990749	 366.705983	 1.934211
366.609490	 365.568771	 366.272046	 1.938215
366.012229	 364.972493	 365.675567	 1.942220
366.074948	 365.031815	 365.747205	 1.946224
366.703748	 365.657083	 366.380005	 1.950229
367.033481	 365.988335	 366.703904	 1.954233
366.610474	 365.569464	 366.272739	 1.958238
366.012542	 364.972627	 365.675791	 1.962243
366.071931	 365.028552	 365.744098	 1.966247
366.699322	 365.652523	 366.375468	 1.970252
367.024026	 365.978992	 366.695209	 1.974256
366.596482	 365.555740	 366.260267	 1.978261
365.999534	 364.959887	 365.664123	 1.982265
366.063258	 365.020170	 365.736565	 1.986270
366.692482	 365.645750	 366.370126	 1.990275
367.019868	 365.974835	 366.691700	 1.994279
366.593174	 365.552096	 366.256802	 1.998284
365.992828	 364.952779	 365.657843	 2.002288
366.057402	 365.013933	 365.730933	 2.006293
366.689577	 365.642487	 366.366527	 2.010297
367.017454	 365.971750	 366.687096	 2.014302
366.590111	 365.548431	 366.251326	 2.018307
365.990481	 364.950007	 365.653193	 2.022311
366.056531	 365.012749	 365.728340	 2.026316
366.688124	 365.640833	 366.363599	 2.030320
367.014057	 365.968085	 366.683072	 2.034325
366.584971	 365.543245	 366.246230	 2.038330
365.987285	 364.946968	 365.650154	 2.042334
366.057179	 365.013330	 365.728720	 2.046339
366.689286	 365.641950	 366.364806	 2.050343
367.016359	 365.970543	 366.685911	 2.054348
366.587966	 365.546285	 366.249627	 2.058352
365.992247	 364.951751	 365.655116	 2.062357
366.060666	 365.016817	 365.732453	 2.066362
366.690761	 365.644029	 366.367935	 2.070366
367.017879	 365.973024	 366.689599	 2.074371
366.593397	 365.552432	 366.257003	 2.078375
366.001188	 364.960625	 365.665532	 2.082380
366.069316	 365.025109	 365.742354	 2.086384
366.700350	 365.652545	 366.377055	 2.090389
367.025009	 365.978814	 366.694718	 2.094394
366.588748	 365.547224	 366.250745	 2.098398
365.985653	 364.945738	 365.650198	 2.102403
366.055569	 365.012369	 365.729346	 2.106407
366.691030	 365.644364	 366.368583	 2.110412
367.018326	 365.973270	 366.689219	 2.114416
366.586356	 365.545816	 366.249113	 2.118421
365.995756	 364.956579	 365.659944	 2.122426
366.072445	 365.029848	 365.745394	 2.126430
366.706788	 365.661106	 366.384475	 2.130435
367.030575	 365.986950	 366.702652	 2.134439
366.601958	 365.562758	 366.266548	 2.138444
366.016633	 364.978439	 365.682742	 2.142449
366.104587	 365.062392	 365.779078	 2.146453
366.754576	 365.708849	 366.432308	 2.150458
367.092199	 366.048640	 366.762466	 2.154462
366.676166	 365.637704	 366.336531	 2.158467
366.097926	 365.060649	 365.759319	 2.162471
366.187221	 365.145809	 365.857555	 2.166476
366.839512	 365.794903	 366.513400	 2.170481
367.177359	 366.133555	 366.844228	 2.174485
366.754889	 365.714929	 366.413331	 2.178490
366.174034	 365.135862	 365.833393	 2.182494
366.262278	 365.220508	 365.930824	 2.186499
366.910859	 365.864194	 366.583808	 2.190503
367.243118	 366.196654	 366.909898	 2.194508
366.810120	 365.767523	 366.469479	 2.198513
366.221531	 365.179538	 365.883081	 2.202517
366.315565	 365.269123	 365.985877	 2.206522
366.966068	 365.914195	 366.638525	 2.210526
367.291532	 366.237356	 366.954244	 2.214531
366.856500	 365.801922	 366.506851	 2.218535
366.269543	 365.211501	 365.917078	 2.222540
366.364292	 365.296460	 366.014956	 2.226545
367.015644	 365.942648	 366.668655	 2.230549
367.345712	 366.274997	 366.992264	 2.234554
366.914569	 365.855074	 366.559266	 2.238558
366.343125	 365.288793	 365.992761	 2.242563
366.455330	 365.397869	 366.112410	 2.246568
367.109566	 366.048037	 366.768814	 2.250572
367.419674	 366.359687	 367.072708	 2.254577
366.994902	 365.940614	 366.642124	 2.258581
366.450681	 365.399456	 366.103246	 2.262586
366.566977	 365.515417	 366.231455	 2.266590
367.195955	 366.141288	 366.864680	 2.270595
367.501057	 366.447954	 367.162741	 2.274600
367.096893	 366.045757	 366.751648	 2.278604
366.580098	 365.530460	 366.237781	 2.282609
366.705245	 365.657172	 366.373054	 2.286613
367.317147	 366.268492	 366.989247	 2.290618
367.601416	 366.555667	 367.268867	 2.294622
367.202728	 366.161561	 366.863473	 2.298627
366.699389	 365.660838	 366.363241	 2.302632
366.829879	 365.788153	 366.502537	 2.306636
367.436907	 366.391494	 367.112628	 2.310641
367.719255	 366.675093	 367.388583	 2.314645
367.324992	 366.283513	 366.986497	 2.318650
366.837255	 365.796692	 366.500436	 2.322654
366.972416	 365.929148	 366.643465	 2.326659
367.571040	 366.524710	 367.244503	 2.330664
367.845229	 366.800531	 367.512389	 2.334668
367.454230	 366.413510	 367.114349	 2.338673
366.963430	 365.923806	 366.625718	 2.342677
367.091796	 366.049847	 366.762265	 2.346682
367.672226	 366.628355	 367.346383	 2.350686
367.930926	 366.888552	 367.598376	 2.354691
367.531343	 366.493083	 367.191887	 2.358696
367.045104	 366.008921	 366.708620	 2.362700
367.177158	 366.138785	 366.848274	 2.366705
367.749586	 366.707950	 367.423094	 2.370709
367.992370	 366.950533	 367.658525	 2.374714
367.577768	 366.537987	 367.237440	 2.378719
367.085068	 366.044617	 366.746998	 2.382723
367.214507	 366.169452	 366.882852	 2.386728
367.779470	 366.730771	 367.450162	 2.390732
368.018276	 366.970493	 367.682486	 2.394737
367.603093	 366.558327	 367.261088	 2.398741
367.112941	 366.068019	 366.772703	 2.402746
367.236792	 366.188093	 366.904556	 2.406751
367.787874	 366.736314	 367.459639	 2.410755
368.009447	 366.960122	 367.676585	 2.414760
367.593660	 366.548291	 367.255232	 2.418764
367.106571	 366.062119	 366.770669	 2.422769
367.229081	 366.182147	 366.901404	 2.426773
367.776363	 366.727061	 367.452263	 2.430778
367.994494	 366.946689	 367.664336	 2.434783
367.580920	 366.536355	 367.243319	 2.438787
367.095395	 366.051211	 366.759716	 2.442792
367.213233	 366.166211	 366.885691	 2.446796
367.753520	 366.704821	 367.428972	 2.450801
367.965504	 366.920202	 367.635592	 2.454805
367.547750	 366.507566	 367.211266	 2.458810
367.065086	 366.026847	 366.731151	 2.462815
367.185718	 366.145446	 366.860791	 2.466819
367.725222	 366.683005	 367.403536	 2.470824
367.933027	 366.893469	 367.605976	 2.474828
367.518938	 366.483851	 367.186612	 2.478833
367.043025	 366.009123	 366.713538	 2.482838
367.166652	 366.130470	 366.845726	 2.486842
367.705799	 366.668007	 367.388695	 2.490847
367.909982	 366.874850	 367.588117	 2.494851
367.493614	 366.461723	 367.165334	 2.498856
367.021947	 365.989185	 366.694718	 2.502860
367.148123	 366.112790	 366.829789	 2.506865
367.686241	 366.647779	 367.370143	 2.510870
367.892816	 366.855270	 367.569744	 2.514874
367.476135	 366.441651	 367.146268	 2.518879
367.003663	 365.968420	 366.675585	 2.522883
367.125056	 366.086080	 366.805426	 2.526888
367.655105	 366.611882	 367.336861	 2.530892
367.850102	 366.809539	 367.526985	 2.534897
367.430828	 366.394176	 367.102011	 2.538902
366.959206	 365.924856	 366.634524	 2.542906
367.078274	 366.042158	 366.762443	 2.546911
367.600947	 366.561836	 367.286972	 2.550915
367.793529	 366.755358	 367.472737	 2.554920
367.374971	 366.339258	 367.046579	 2.558924
366.901762	 365.865513	 366.574398	 2.562929
367.018259	 365.981920	 366.701356	 2.566934
367.533959	 366.498939	 367.223001	 2.570938
367.721579	 366.688280	 367.403938	 2.574943
367.299891	 366.268470	 366.973399	 2.578947
366.825207	 365.792691	 366.498335	 2.582952
366.947695	 365.910328	 366.625762	 2.586957
367.468133	 366.427055	 367.146692	 2.590961
367.652155	 366.610407	 367.322131	 2.594966
367.228701	 366.190485	 366.891905	 2.598970
366.757906	 365.720450	 366.423971	 2.602975
366.887434	 365.843563	 366.558171	 2.606979
367.407649	 366.360939	 367.081515	 2.610984
367.585770	 366.541988	 367.256260	 2.614989
367.155231	 366.116478	 366.821586	 2.618993
366.681463	 365.643292	 366.350300	 2.622998
366.801380	 365.760728	 366.479001	 2.627002
367.315157	 366.273007	 366.997025	 2.631007
367.495514	 366.455263	 367.171257	 2.635011
367.072887	 366.035520	 366.741321	 2.639016
366.605355	 365.567609	 366.274795	 2.643021
366.730704	 365.689828	 366.407498	 2.647025
367.249689	 366.206801	 366.928852	 2.651030
367.436304	 366.396612	 367.109790	 2.655034
367.011554	 365.976154	 366.679138	 2.659039
366.542770	 365.507773	 366.212702	 2.663043
366.669192	 365.630439	 366.346813	 2.667048
367.190993	 366.149067	 366.870112	 2.671053
367.372445	 366.332441	 367.045774	 2.675057
366.946376	 365.910060	 366.613491	 2.679062
366.477995	 365.442551	 366.147726	 2.683066
366.601198	 365.562602	 366.279020	 2.687071
367.117613	 366.076111	 366.798050	 2.691076
367.301456	 366.261206	 366.975612	 2.695080
366.881779	 365.844211	 366.548649	 2.699085
366.412750	 365.375205	 366.081922	 2.703089
366.542145	 365.501023	 366.218514	 2.707094
367.062694	 366.018868	 366.741321	 2.711098
367.244034	 366.202040	 366.916402	 2.715103
366.817384	 365.778408	 366.483605	 2.719108
366.356402	 365.317113	 366.024255	 2.723112
366.492278	 365.449010	 366.167596	 2.727117
367.012001	 365.965738	 366.691924	 2.731121
367.196961	 366.151816	 366.880304	 2.735126
366.776301	 365.734218	 366.456761	 2.739130
366.312190	 365.270576	 365.993834	 2.743135
366.451531	 365.406184	 366.130381	 2.747140
366.975813	 365.927382	 366.651869	 2.751144
367.161154	 366.114086	 366.830214	 2.755149
366.742908	 365.698478	 366.404927	 2.759153
366.285368	 365.240871	 365.948818	 2.763158
366.423904	 365.376009	 366.094350	 2.767162
366.949617	 365.899040	 366.622253	 2.771167
367.133996	 366.085297	 366.800240	 2.775172
366.710766	 365.664906	 366.370506	 2.779176
366.246386	 365.200280	 365.908741	 2.783181
366.383291	 365.335061	 366.052708	 2.787185
366.912424	 365.862003	 366.584054	 2.791190
367.108292	 366.059325	 366.772748	 2.795195
366.694405	 365.649259	 366.353138	 2.799199
366.240485	 365.196324	 365.902281	 2.803204
366.388610	 365.341409	 366.057872	 2.807208
366.925410	 365.875817	 366.596929	 2.811213
367.119445	 366.071931	 366.785779	 2.815217
366.709157	 365.665263	 366.369790	 2.819222
366.264782	 365.221067	 365.927315	 2.823227
366.415209	 365.370377	 366.087868	 2.827231
366.954467	 365.907444	 366.630322	 2.831236
367.153375	 366.105637	 366.820446	 2.835240
366.748362	 365.702010	 366.407498	 2.839245
366.306423	 365.261188	 365.968800	 2.843249
366.460918	 365.413247	 366.131275	 2.847254
367.007798	 365.956887	 366.678960	 2.851259
367.209165	 366.159460	 366.872794	 2.855263
366.803727	 365.757464	 366.460471	 2.859268
366.361900	 365.315615	 366.020410	 2.863272
366.515345	 365.463919	 366.179510	 2.867277
367.053128	 365.998349	 366.719014	 2.871281
367.253399	 366.199068	 366.912692	 2.875286
366.844474	 365.793875	 366.498402	 2.879291
366.399026	 365.348852	 366.055525	 2.883295
366.555958	 365.501671	 366.219408	 2.887300
367.106370	 366.050630	 366.773709	 2.891304
367.313146	 366.259440	 366.975321	 2.895309
366.909518	 365.858673	 366.565703	 2.899314
366.467512	 365.415371	 366.123988	 2.903318
366.620912	 365.566960	 366.286351	 2.907323
367.164618	 366.108610	 366.833142	 2.911327
367.369964	 366.313687	 367.030575	 2.915332
366.965062	 365.912652	 366.619616	 2.919336
366.516775	 365.465707	 366.174324	 2.923341
366.668253	 365.614681	 366.334139	 2.927346
367.217346	 366.161763	 366.885713	 2.931350
367.417417	 366.365767	 367.081157	 2.935355
367.006949	 365.959189	 366.663939	 2.939359
366.561546	 365.515127	 366.220615	 2.943364
366.717785	 365.669130	 366.384855	 2.947368
367.266498	 366.216770	 366.936698	 2.951373
367.477811	 366.429849	 367.141305	 2.955378
367.070093	 366.025775	 366.727753	 2.959382
366.617448	 365.574180	 366.279020	 2.963387
366.772055	 365.726306	 366.442746	 2.967391
367.327495	 366.279534	 367.001160	 2.971396
367.537133	 366.490713	 367.205299	 2.975400
367.125033	 366.082637	 366.788304	 2.979405
366.670868	 365.629076	 366.337023	 2.983410
366.827554	 365.782923	 366.501733	 2.987414
367.384448	 366.337648	 367.061554	 2.991419
367.594800	 366.550974	 367.266408	 2.995423
367.182902	 366.143389	 366.848341	 2.999428
366.725563	 365.686833	 366.393148	 3.003432
366.877488	 365.835673	 366.552628	 3.007437
367.430023	 366.386509	 367.108046	 3.011442
367.638364	 366.598002	 367.310083	 3.015446
367.223515	 366.186394	 366.887904	 3.019451
366.762108	 365.724272	 366.428441	 3.023455
366.909227	 365.868508	 366.583294	 3.027460
367.463908	 366.420909	 367.140456	 3.031465
367.672115	 366.631015	 367.343835	 3.035469
367.252528	 366.215049	 366.918481	 3.039474
366.788215	 365.751541	 366.457387	 3.043478
366.933032	 365.893363	 366.611055	 3.047483
367.488070	 366.446010	 367.168955	 3.051487
367.699361	 366.659312	 367.374255	 3.055492
367.277092	 366.240821	 366.945929	 3.059497
366.812020	 365.776597	 366.482912	 3.063501
366.966001	 365.927561	 366.644337	 3.067506
367.532997	 366.492278	 367.213323	 3.071510
367.741562	 366.703479	 367.415919	 3.075515
367.306842	 366.273343	 366.974673	 3.079519
366.826325	 365.793808	 366.496167	 3.083524
366.965576	 365.929684	 366.643912	 3.087529
367.520771	 366.482600	 367.201387	 3.091533
367.723568	 366.688169	 367.397456	 3.095538
367.284580	 366.253606	 366.951941	 3.099542
366.798586	 365.768864	 366.468518	 3.103547
366.941459	 365.908987	 366.619258	 3.107551
367.508589	 366.473167	 367.187685	 3.111556
367.725692	 366.691298	 367.397412	 3.115561
367.293141	 366.261586	 366.958088	 3.119565
366.801492	 365.769512	 366.469390	 3.123570
366.937905	 365.901387	 366.614207	 3.127574
367.496676	 366.456046	 367.175302	 3.131579
367.704122	 366.664364	 367.375015	 3.135584
367.252260	 366.215876	 366.915821	 3.139588
366.744182	 365.708447	 366.409666	 3.143593
366.869106	 365.829817	 366.542323	 3.147597
367.421820	 366.379178	 367.097273	 3.151602
367.619834	 366.578757	 367.288156	 3.155606
367.158628	 366.120859	 366.820021	 3.159611
366.644471	 365.607328	 366.307608	 3.163616
366.770602	 365.730173	 366.441182	 3.167620
367.325640	 366.282171	 366.998791	 3.171625
367.520123	 366.478062	 367.186277	 3.175629
367.046512	 366.008005	 366.705536	 3.179634
366.518116	 365.479766	 366.179577	 3.183638
366.636514	 365.594297	 366.305976	 3.187643
367.189853	 366.144596	 366.862512	 3.191648
367.381073	 366.337269	 367.048009	 3.195652
366.905584	 365.865580	 366.566664	 3.199657
366.374127	 365.334793	 366.038739	 3.203661
366.491026	 365.448049	 366.165026	 3.207666
367.054871	 366.008564	 366.731352	 3.211670
367.254852	 366.209953	 366.924605	 3.215675
366.777151	 365.735917	 366.439125	 3.219680
366.244621	 365.203968	 365.908026	 3.223684
366.367667	 365.322745	 366.038962	 3.227689
366.936184	 365.887708	 366.609669	 3.231693
367.140635	 366.093813	 366.806476	 3.235698
366.659335	 365.616469	 366.318046	 3.239703
366.118244	 365.076518	 365.779995	 3.243707
366.235568	 365.190937	 365.906148	 3.247712
366.801760	 365.754760	 366.475827	 3.251716
366.998746	 365.954294	 366.667180	 3.255721
366.510495	 365.470647	 366.172626	 3.259725
365.962810	 364.924906	 365.628986	 3.263730
366.074278	 365.033648	 365.750200	 3.267735
366.640246	 365.596219	 366.318873	 3.271739
366.839736	 365.796692	 366.511031	 3.275744
366.349651	 365.310273	 366.013459	 3.279748
365.797139	 364.759012	 365.464031	 3.283753
365.916206	 364.874503	 365.591726	 3.287757
366.492971	 365.448116	 366.171352	 3.291762
366.698450	 365.655429	 366.369969	 3.295767
366.209640	 365.170262	 365.873805	 3.299771
365.662134	 364.623001	 365.328668	 3.303776
365.786745	 364.743477	 365.461661	 3.307780
366.372741	 365.325718	 366.049624	 3.311785
366.583473	 365.538082	 366.253226	 3.315789
366.095870	 365.054189	 365.757956	 3.319794
365.545838	 364.504671	 365.210361	 3.323799
365.671723	 364.626958	 365.344918	 3.327803
366.263575	 365.215636	 365.939162	 3.331808
366.480588	 365.434459	 366.148799	 3.335812
365.996069	 364.953472	 365.656166	 3.339817
365.447624	 364.405363	 365.109912	 3.343822
365.578427	 364.532387	 365.248962	 3.347826
366.174324	 365.125335	 365.847654	 3.351831
366.394958	 365.347980	 366.062141	 3.355835
365.910037	 364.867060	 365.569911	 3.359840
365.358575	 364.316514	 365.021310	 3.363844
365.485645	 364.439941	 365.157990	 3.367849
366.086773	 365.037850	 365.762538	 3.371854
366.316213	 365.269101	 365.985206	 3.375858
365.833415	 364.790416	 365.495189	 3.379863
365.279495	 364.237479	 364.943995	 3.383867
365.414678	 364.369130	 365.088208	 3.387872
366.033061	 364.984921	 365.709721	 3.391876
366.274304	 365.228153	 365.944057	 3.395881
365.794658	 364.752820	 365.457034	 3.399886
365.244738	 364.203929	 364.911004	 3.403890
365.387431	 364.343359	 365.071601	 3.407895
366.011492	 364.964715	 365.703798	 3.411899
366.258613	 365.214406	 365.944370	 3.415904
365.781269	 364.741510	 365.459672	 3.419908
365.238948	 364.199861	 364.919699	 3.423913
365.384548	 364.342286	 365.074440	 3.427918
366.008474	 364.964201	 365.701965	 3.431922
366.254791	 365.213535	 365.941419	 3.435927
365.787907	 364.751300	 365.466266	 3.439931
365.256763	 364.221609	 364.937468	 3.443936
365.411303	 364.373489	 365.101262	 3.447941
366.040996	 365.000902	 365.733995	 3.451945
366.288050	 365.250057	 365.974075	 3.455950
365.822374	 364.787935	 365.501112	 3.459954
365.298672	 364.264457	 364.979847	 3.463959
365.459583	 364.421590	 365.149296	 3.467963
366.086258	 365.045137	 365.778922	 3.471968
366.329155	 365.289620	 366.015470	 3.475973
365.861176	 364.825128	 365.540585	 3.479977
365.335687	 364.299929	 365.017733	 3.483982
365.494474	 364.454961	 365.185416	 3.487986
366.116880	 365.074730	 365.811444	 3.491991
366.352758	 365.312195	 366.040907	 3.495995
365.882992	 364.845491	 365.563429	 3.500000
