366.462148	 365.438661	 366.153336	 0.000000
365.909054	 364.885567	 365.603282	 0.004005
366.103134	 365.077837	 365.805565	 0.008009
366.763896	 365.736878	 366.469792	 0.012014
366.981870	 365.956372	 366.681843	 0.016018
366.452827	 365.430592	 366.146206	 0.020023
365.904271	 364.883377	 365.599996	 0.024027
366.100675	 365.076362	 365.803509	 0.028032
366.758465	 365.730240	 366.462505	 0.032037
366.974830	 365.947253	 366.671718	 0.036041
366.444333	 365.421607	 366.134471	 0.040046
365.895799	 364.874213	 365.589334	 0.044050
366.092003	 365.066795	 365.794166	 0.048055
366.756341	 365.728675	 366.460404	 0.052059
366.971142	 365.944884	 366.668566	 0.056064
366.439394	 365.415371	 366.130493	 0.060069
365.889340	 364.865697	 365.583009	 0.064073
366.088024	 365.060537	 365.789338	 0.068078
366.748809	 365.718080	 366.452089	 0.072082
366.961106	 365.932724	 366.657748	 0.076087
366.422965	 365.398361	 366.113058	 0.080092
365.868150	 364.843948	 365.561261	 0.084096
366.056642	 365.029915	 365.758068	 0.088101
366.700708	 365.670829	 366.405441	 0.092105
366.906791	 365.877426	 366.604305	 0.096110
366.378597	 365.353591	 366.069293	 0.100114
365.830934	 364.807560	 365.524827	 0.104119
366.022422	 364.996209	 365.724384	 0.108124
366.676948	 365.648879	 366.381346	 0.112128
366.893380	 365.867770	 366.592503	 0.116133
366.364515	 365.341990	 366.056531	 0.120137
365.813768	 364.790908	 365.508734	 0.124142
366.010777	 364.984675	 365.714348	 0.128146
366.673953	 365.645750	 366.378507	 0.132151
366.887345	 365.860819	 366.584300	 0.136156
366.352959	 365.328691	 366.043321	 0.140160
365.804850	 364.780961	 365.498340	 0.144165
366.003445	 364.977791	 365.705809	 0.148169
366.660631	 365.633278	 366.365767	 0.152174
366.874157	 365.848279	 366.573370	 0.156178
366.342834	 365.320018	 366.034738	 0.160183
365.798480	 364.776647	 365.492864	 0.164188
365.998237	 364.973231	 365.700668	 0.168192
366.657524	 365.628718	 366.361498	 0.172197
366.870894	 365.843362	 366.567804	 0.176201
366.337738	 365.314162	 366.028278	 0.180206
365.794412	 364.771797	 365.488148	 0.184211
365.991599	 364.966414	 365.693717	 0.188215
366.650461	 365.622169	 366.355083	 0.192220
366.861976	 365.834243	 366.560004	 0.196224
366.329825	 365.305110	 366.020969	 0.200229
365.784063	 364.760018	 365.478269	 0.204233
365.983083	 364.955998	 365.685805	 0.208238
366.641833	 365.612379	 366.346634	 0.212243
366.850353	 365.822642	 366.548872	 0.216247
366.316616	 365.292392	 366.008027	 0.220252
365.774317	 364.751323	 365.468210	 0.224256
365.975349	 364.949896	 365.677937	 0.228261
366.636715	 365.608468	 366.341717	 0.232265
366.847648	 365.820340	 366.545475	 0.236270
366.315096	 365.290536	 366.005524	 0.240275
365.771926	 364.748328	 365.465439	 0.244279
365.976489	 364.950231	 365.678272	 0.248284
366.636491	 365.607685	 366.340599	 0.252288
366.845458	 365.818261	 366.543128	 0.256293
366.313486	 365.289352	 366.004496	 0.260297
365.768238	 364.744662	 365.462377	 0.264302
365.968889	 364.942274	 365.670896	 0.268307
366.630166	 365.601047	 366.334296	 0.272311
366.838283	 365.810572	 366.535461	 0.276316
366.305931	 365.281260	 365.996248	 0.280320
365.765779	 364.741890	 365.459091	 0.284325
365.971438	 364.944643	 365.672952	 0.288330
366.628266	 365.598990	 366.332418	 0.292334
366.834550	 365.806817	 366.532355	 0.296339
366.299941	 365.275203	 365.990481	 0.300343
365.761599	 364.737465	 365.454665	 0.304348
365.961916	 364.935099	 365.664302	 0.308352
366.622924	 365.593782	 366.327546	 0.312357
366.834930	 365.807331	 366.532153	 0.316362
366.299360	 365.275024	 365.989744	 0.320366
365.753195	 364.729508	 365.446797	 0.324371
365.959390	 364.932640	 365.661419	 0.328375
366.617470	 365.588194	 366.322270	 0.332380
366.818613	 365.791104	 366.517357	 0.336384
366.281479	 365.257098	 365.973248	 0.340389
365.740678	 364.716968	 365.435197	 0.344394
365.946962	 364.920213	 365.649707	 0.348398
366.609021	 365.579857	 366.313889	 0.352403
366.814746	 365.787349	 366.512841	 0.356407
366.278170	 365.253768	 365.969292	 0.360412
365.738063	 364.714331	 365.431665	 0.364416
365.948393	 364.921956	 365.650288	 0.368421
366.612396	 365.583344	 366.315923	 0.372426
366.817116	 365.789606	 366.513467	 0.376430
366.278461	 365.254170	 365.967951	 0.380435
365.741483	 364.717706	 365.433878	 0.384439
365.946940	 364.920369	 365.648142	 0.388444
366.605534	 365.576683	 366.309195	 0.392449
366.813674	 365.786142	 366.509824	 0.396453
366.275399	 365.250840	 365.965023	 0.400458
365.734934	 364.711045	 365.428044	 0.404462
365.945733	 364.918939	 365.647203	 0.408467
366.608283	 365.578896	 366.311720	 0.412471
366.813472	 365.785695	 366.510427	 0.416476
366.275466	 365.250728	 365.966051	 0.420481
365.734755	 364.710665	 365.428782	 0.424485
365.944571	 364.917419	 365.646913	 0.428490
366.608596	 365.579030	 366.313062	 0.432494
366.808801	 365.781135	 366.507142	 0.436499
366.263843	 365.239485	 365.956216	 0.440503
365.724495	 364.700674	 365.419662	 0.444508
365.936345	 364.909707	 365.639805	 0.448513
366.601019	 365.571922	 366.306244	 0.452517
366.807192	 365.779570	 366.505108	 0.456522
366.265475	 365.241027	 365.956842	 0.460526
365.727491	 364.703557	 365.421965	 0.464531
365.938379	 364.911562	 365.641123	 0.468535
366.600840	 365.571833	 366.305685	 0.472540
366.805560	 365.778251	 366.503565	 0.476545
366.263754	 365.239597	 365.955389	 0.480549
365.727245	 364.703669	 365.421741	 0.484554
365.945018	 364.918402	 365.647360	 0.488558
366.610384	 365.581265	 366.314805	 0.492563
366.814456	 365.786879	 366.511925	 0.496568
366.275444	 365.251175	 365.966319	 0.500572
365.737348	 364.713861	 365.431956	 0.504577
365.951835	 364.925644	 365.655563	 0.508581
366.616911	 365.588597	 366.323366	 0.512586
366.821519	 365.795127	 366.521603	 0.516590
366.283624	 365.260585	 365.976780	 0.520595
365.746110	 364.723897	 365.442573	 0.524600
365.958742	 364.934026	 365.664079	 0.528604
366.622812	 365.595749	 366.330138	 0.532609
366.822614	 365.796937	 366.522721	 0.536613
366.281389	 365.258573	 365.974030	 0.540618
365.742690	 364.720388	 365.438661	 0.544622
365.961424	 364.936284	 365.665867	 0.548627
366.622231	 365.594699	 366.328820	 0.552632
366.822793	 365.796781	 366.521894	 0.556636
366.277835	 365.254863	 365.970275	 0.560641
365.740589	 364.718198	 365.436672	 0.564645
365.961692	 364.936440	 365.665934	 0.568650
366.625204	 365.597493	 366.331099	 0.572654
366.819597	 365.793361	 366.518407	 0.576659
366.277254	 365.254125	 365.969225	 0.580664
365.745327	 364.722646	 365.440472	 0.584668
365.964777	 364.938988	 365.668437	 0.588673
366.632602	 365.604109	 366.337514	 0.592677
366.828225	 365.801251	 366.525783	 0.596682
366.283110	 365.259132	 365.973874	 0.600686
365.751362	 364.728032	 365.445345	 0.604691
365.975126	 364.948979	 365.677713	 0.608696
366.637765	 365.609227	 366.342834	 0.612700
366.829074	 365.802034	 366.527482	 0.616705
366.284675	 365.260518	 365.975930	 0.620709
365.758895	 364.735028	 365.452542	 0.624714
365.983977	 364.956981	 365.685492	 0.628719
366.648941	 365.619532	 366.352334	 0.632723
366.846218	 365.818485	 366.542525	 0.636728
366.302668	 365.278176	 365.992515	 0.640732
365.773535	 364.749758	 365.466713	 0.644737
365.996628	 364.969901	 365.698165	 0.648741
366.657636	 365.628562	 366.361364	 0.652746
366.847335	 365.820094	 366.544894	 0.656751
366.297773	 365.273951	 365.989431	 0.660755
365.769400	 364.746316	 365.464634	 0.664760
365.999243	 364.973387	 365.702837	 0.668764
366.663023	 365.634932	 366.368673	 0.672769
366.853281	 365.826665	 366.551912	 0.676773
366.304881	 365.281260	 365.996986	 0.680778
365.778162	 364.755011	 365.473262	 0.684783
366.008854	 364.982820	 365.711978	 0.688787
366.670019	 365.641503	 366.375043	 0.692792
366.859673	 365.832678	 366.557433	 0.696796
366.315051	 365.290961	 366.005904	 0.700801
365.787751	 364.764197	 365.481733	 0.704805
366.012989	 364.986486	 365.715197	 0.708810
366.675629	 365.646778	 366.379446	 0.712815
366.867810	 365.840434	 366.564519	 0.716819
366.323030	 365.298426	 366.012878	 0.720824
365.795708	 364.771685	 365.488819	 0.724828
366.022042	 364.995091	 365.723445	 0.728833
366.682804	 365.653395	 366.385973	 0.732838
366.872235	 365.844345	 366.568430	 0.736842
366.324215	 365.299544	 366.013995	 0.740847
365.796960	 364.773138	 365.490160	 0.744851
366.027339	 365.000657	 365.728899	 0.748856
366.688280	 365.658982	 366.391404	 0.752860
366.875387	 365.847721	 366.571515	 0.756865
366.329803	 365.305311	 366.019360	 0.760870
365.804895	 364.781006	 365.497961	 0.764874
366.032838	 365.006334	 365.734978	 0.768879
366.693801	 365.665040	 366.398222	 0.772883
366.882003	 365.854940	 366.579405	 0.776888
366.335793	 365.311838	 366.026624	 0.780892
365.810214	 364.786817	 365.504666	 0.784897
366.039052	 365.012682	 365.741639	 0.788902
366.700127	 365.671678	 366.404771	 0.792906
366.885222	 365.858360	 366.582847	 0.796911
366.337157	 365.313335	 366.028211	 0.800915
365.812584	 364.789343	 365.506879	 0.804920
366.041868	 365.015722	 365.744433	 0.808924
366.700283	 365.671611	 366.404793	 0.812929
366.885043	 365.857757	 366.582959	 0.816934
366.337693	 365.313223	 366.028859	 0.820938
365.814506	 364.790349	 365.508332	 0.824943
366.043030	 365.016035	 365.745171	 0.828947
366.703547	 365.674182	 366.407565	 0.832952
366.890429	 365.862607	 366.587340	 0.836957
366.342275	 365.317582	 366.032614	 0.840961
365.818283	 364.794126	 365.511752	 0.844966
366.047344	 365.020304	 365.749596	 0.848970
366.709984	 365.680507	 366.413913	 0.852975
366.897761	 365.869759	 366.594202	 0.856979
366.346880	 365.321873	 366.036973	 0.860984
365.823491	 364.798910	 365.517183	 0.864989
366.058609	 365.031010	 365.760571	 0.868993
366.721540	 365.691728	 366.425513	 0.872998
366.904824	 365.876688	 366.601846	 0.877002
366.352423	 365.327350	 366.043231	 0.881007
365.831381	 364.806867	 365.525341	 0.885011
366.065360	 365.038118	 365.767411	 0.889016
366.725652	 365.696310	 366.429760	 0.893021
366.911194	 365.883752	 366.608507	 0.897025
366.361073	 365.336894	 366.051881	 0.901030
365.835226	 364.811717	 365.529499	 0.905034
366.067416	 365.041001	 365.769847	 0.909039
366.730659	 365.701965	 366.434521	 0.913043
366.912647	 365.885584	 366.609513	 0.917048
366.359531	 365.335553	 366.049803	 0.921053
365.834466	 364.811024	 365.528024	 0.925057
366.069808	 365.043572	 365.771613	 0.929062
366.730816	 365.702345	 366.434655	 0.933066
366.910412	 365.883461	 366.607680	 0.937071
366.354904	 365.330546	 366.045690	 0.941076
365.831270	 364.807113	 365.524850	 0.945080
366.070411	 365.043214	 365.771926	 0.949085
366.733453	 365.703798	 366.436711	 0.953089
366.914927	 365.886970	 366.611256	 0.957094
366.360760	 365.335888	 366.050429	 0.961098
365.835651	 364.811293	 365.528560	 0.965103
366.071618	 365.044220	 365.772909	 0.969108
366.732783	 365.703060	 366.436063	 0.973112
366.908110	 365.880399	 366.604931	 0.977117
366.352758	 365.328333	 366.043611	 0.981121
365.831449	 364.807515	 365.525654	 0.985126
366.072490	 365.045449	 365.774094	 0.989130
366.736292	 365.706838	 366.439192	 0.993135
366.915039	 365.887060	 366.610899	 0.997140
366.357184	 365.332133	 366.046562	 1.001144
365.831761	 364.807135	 365.524716	 1.005149
366.068712	 365.041493	 365.770249	 1.009153
366.732269	 365.703038	 366.435728	 1.013158
366.913094	 365.885629	 366.609669	 1.017162
366.356849	 365.332423	 366.047366	 1.021167
365.833237	 364.809281	 365.527174	 1.025172
366.070679	 365.043885	 365.773110	 1.029176
366.732604	 365.703530	 366.436935	 1.033181
366.908065	 365.880578	 366.605378	 1.037185
366.351149	 365.326634	 366.041823	 1.041190
365.826956	 364.802754	 365.520849	 1.045195
366.065851	 365.038587	 365.767679	 1.049199
366.726278	 365.696556	 366.429335	 1.053204
366.899013	 365.871011	 366.594850	 1.057208
366.342946	 365.318230	 366.031944	 1.061213
365.824095	 364.799804	 365.516490	 1.065217
366.067684	 365.040286	 365.768439	 1.069222
366.731240	 365.701451	 366.433694	 1.073227
366.904533	 365.876688	 366.600639	 1.077231
366.346254	 365.321650	 366.036570	 1.081236
365.830152	 364.805950	 365.523911	 1.085240
366.073920	 365.046679	 365.775927	 1.089245
366.734347	 365.705072	 366.438343	 1.093249
366.907372	 365.880108	 366.604864	 1.097254
366.350210	 365.326143	 366.041667	 1.101259
365.838489	 364.815003	 365.532874	 1.105263
366.087018	 365.060671	 365.788734	 1.109268
366.746797	 365.718416	 366.450435	 1.113272
366.923175	 365.896425	 366.619795	 1.117277
366.362839	 365.339129	 366.053379	 1.121281
365.843071	 364.819697	 365.537233	 1.125286
366.084917	 365.058570	 365.787505	 1.129291
366.741701	 365.712984	 366.446457	 1.133295
366.912133	 365.885003	 366.610228	 1.137300
366.353630	 365.329473	 366.045064	 1.141304
365.835226	 364.811561	 365.530438	 1.145309
366.077854	 365.051261	 365.781470	 1.149314
366.739175	 365.710213	 366.443864	 1.153318
366.912133	 365.884646	 366.609356	 1.157323
366.357832	 365.333183	 366.047903	 1.161327
365.841015	 364.816724	 365.534416	 1.165332
366.086013	 365.058793	 365.788109	 1.169336
366.751446	 365.722037	 366.455174	 1.173341
366.924337	 365.896693	 366.621225	 1.177346
366.369768	 365.345410	 366.060129	 1.181350
365.853912	 364.830224	 365.548073	 1.185355
366.098328	 365.071467	 365.800715	 1.189359
366.758465	 365.729189	 366.462192	 1.193364
366.929053	 365.901387	 366.625807	 1.197368
366.367376	 365.343152	 366.058989	 1.201373
365.851364	 364.827498	 365.546799	 1.205378
366.098664	 365.071579	 365.801900	 1.209382
366.758420	 365.728943	 366.463086	 1.213387
366.924605	 365.896783	 366.622477	 1.217391
366.364560	 365.339800	 366.055860	 1.221396
365.849241	 364.825151	 365.543782	 1.225400
366.096563	 365.069589	 365.799463	 1.229405
366.756230	 365.727245	 366.461321	 1.233410
366.919710	 365.892826	 366.618766	 1.237414
366.356580	 365.333072	 366.049579	 1.241419
365.844614	 364.821708	 365.541099	 1.245423
366.095311	 365.069343	 365.799910	 1.249428
366.754509	 365.726261	 366.460628	 1.253432
366.920291	 365.893586	 366.619012	 1.257437
366.356513	 365.332826	 366.048529	 1.261442
365.842468	 364.819362	 365.537747	 1.265446
366.094909	 365.068740	 365.798502	 1.269451
366.757705	 365.729189	 366.462617	 1.273455
366.926617	 365.899979	 366.624198	 1.277460
366.361990	 365.338727	 366.053692	 1.281465
365.847832	 364.825061	 365.543536	 1.285469
366.098977	 365.073166	 365.803017	 1.289474
366.758241	 365.730352	 366.463668	 1.293478
366.921945	 365.895799	 366.620242	 1.297483
366.360380	 365.337296	 366.052261	 1.301487
365.851006	 364.828526	 365.546397	 1.305492
366.101256	 365.075960	 365.805342	 1.309497
366.757459	 365.729905	 366.463668	 1.313501
366.921878	 365.896157	 366.620465	 1.317506
366.358816	 365.336223	 366.051434	 1.321510
365.844480	 364.822245	 365.541032	 1.325515
366.096473	 365.071176	 365.801140	 1.329519
366.760052	 365.732453	 366.466059	 1.333524
366.922281	 365.896134	 366.620443	 1.337529
366.356089	 365.332826	 366.047724	 1.341533
365.843094	 364.820412	 365.538618	 1.345538
366.097479	 365.071757	 365.801251	 1.349542
366.755783	 365.727491	 366.460985	 1.353547
366.914905	 365.888155	 366.612463	 1.357551
366.347617	 365.323840	 366.038582	 1.361556
365.839182	 364.815651	 365.533790	 1.365561
366.095177	 365.068226	 365.797943	 1.369565
366.754106	 365.724764	 366.458326	 1.373570
366.913608	 365.885920	 366.610228	 1.377574
366.346947	 365.322298	 366.037152	 1.381579
365.837528	 364.813327	 365.531510	 1.385584
366.094506	 365.067309	 365.796379	 1.389588
366.752452	 365.722976	 366.455621	 1.393593
366.912468	 365.884757	 366.608440	 1.397597
366.346254	 365.321538	 366.035766	 1.401602
365.835919	 364.811628	 365.529164	 1.405606
366.092472	 365.065275	 365.794211	 1.409611
366.752519	 365.723177	 366.455845	 1.413616
366.912826	 365.885495	 366.609177	 1.417620
366.343348	 365.319258	 366.033598	 1.421625
365.830018	 364.806621	 365.524648	 1.425629
366.085856	 365.059531	 365.789181	 1.429634
366.743824	 365.715264	 366.448848	 1.433638
366.902522	 365.875794	 366.600438	 1.437643
366.334586	 365.311167	 366.026020	 1.441648
365.821368	 364.798507	 365.516445	 1.445652
366.077519	 365.051753	 365.781023	 1.449657
366.740427	 365.712425	 366.445026	 1.453661
366.899840	 365.873559	 366.597085	 1.457666
366.331010	 365.307859	 366.021930	 1.461670
365.823312	 364.800474	 365.517719	 1.465675
366.082012	 365.056067	 365.784778	 1.469680
366.739443	 365.711241	 366.443573	 1.473684
366.893536	 365.867122	 366.590246	 1.477689
366.321622	 365.298225	 366.012296	 1.481693
365.813791	 364.790729	 365.508131	 1.485698
366.075977	 365.049719	 365.777849	 1.489703
366.735599	 365.707061	 366.438611	 1.493707
366.890631	 365.863792	 366.586245	 1.497712
366.323500	 365.299253	 366.012542	 1.501716
365.814796	 364.790841	 365.508220	 1.505721
366.074211	 365.047171	 365.776083	 1.509725
366.733565	 365.704178	 366.436935	 1.513730
366.887948	 365.860260	 366.584501	 1.517735
366.322494	 365.297823	 366.012721	 1.521739
365.815825	 364.791802	 365.510567	 1.525744
366.077832	 365.050993	 365.780889	 1.529748
366.737052	 365.708357	 366.441696	 1.533753
366.891122	 365.864507	 366.588726	 1.537757
366.322092	 365.298449	 366.013325	 1.541762
365.816786	 364.793434	 365.511908	 1.545767
366.083353	 365.057117	 365.786611	 1.549771
366.745724	 365.717164	 366.449921	 1.553776
366.898163	 365.871436	 366.595208	 1.557780
366.324930	 365.301600	 366.016499	 1.561785
365.822106	 364.799111	 365.517250	 1.565789
366.084113	 365.058101	 365.787818	 1.569794
366.741746	 365.713342	 366.446904	 1.573799
366.895012	 365.868083	 366.592391	 1.577803
366.323120	 365.299142	 366.014040	 1.581808
365.817769	 364.793948	 365.512154	 1.585812
366.079843	 365.053071	 365.782766	 1.589817
366.740025	 365.711062	 366.444333	 1.593822
366.890564	 365.863367	 366.587563	 1.597826
366.318918	 365.294470	 366.009681	 1.601831
365.812025	 364.787779	 365.506789	 1.605835
366.074926	 365.047551	 365.777827	 1.609840
366.737432	 365.707821	 366.441182	 1.613844
366.892754	 365.864954	 366.588435	 1.617849
366.321175	 365.296460	 366.010330	 1.621854
365.819155	 364.794775	 365.511908	 1.625858
366.084694	 365.057318	 365.785784	 1.629863
366.744897	 365.715108	 366.447239	 1.633867
366.892754	 365.865021	 366.588659	 1.637872
366.320616	 365.296102	 366.010866	 1.641876
365.818261	 364.794171	 365.512422	 1.645881
366.086124	 365.059106	 365.788690	 1.649886
366.747624	 365.718349	 366.451598	 1.653890
366.895995	 365.868485	 366.593218	 1.657895
366.327523	 365.303031	 366.018019	 1.661899
365.826576	 364.802352	 365.520692	 1.665904
366.096428	 365.069254	 365.798413	 1.669908
366.757750	 365.728586	 366.461120	 1.673913
366.907059	 365.880019	 366.603634	 1.677918
366.334340	 365.310541	 366.025261	 1.681922
365.833527	 364.810108	 365.528247	 1.685927
366.103916	 365.077390	 365.806616	 1.689931
366.759828	 365.731134	 366.463712	 1.693936
366.909741	 365.883014	 366.605735	 1.697941
366.342186	 365.318767	 366.031541	 1.701945
365.842088	 364.819093	 365.535467	 1.705950
366.110443	 365.084319	 365.812226	 1.709954
366.768814	 365.740298	 366.471781	 1.713959
366.916425	 365.889563	 366.612307	 1.717963
366.344868	 365.321002	 366.034402	 1.721968
365.845195	 364.821686	 365.538328	 1.725973
366.113572	 365.086912	 365.814774	 1.729977
366.772837	 365.743964	 366.475246	 1.733982
366.919040	 365.891910	 366.614251	 1.737986
366.342946	 365.318834	 366.032033	 1.741991
365.842893	 364.819026	 365.535824	 1.745995
366.111717	 365.084677	 365.813008	 1.750000
366.768791	 365.739471	 366.471692	 1.754005
366.913720	 365.886322	 366.609625	 1.758009
366.338632	 365.314341	 366.028725	 1.762014
365.840434	 364.816501	 365.534573	 1.766018
366.104877	 365.078016	 365.808270	 1.770023
366.761281	 365.732341	 366.466126	 1.774027
366.909361	 365.882299	 366.606272	 1.778032
366.337671	 365.313648	 366.028054	 1.782037
365.839093	 364.815316	 365.533455	 1.786041
366.108208	 365.081413	 365.811041	 1.790046
366.768903	 365.739851	 366.473033	 1.794050
366.912289	 365.885204	 366.609379	 1.798055
366.340510	 365.316576	 366.031363	 1.802059
365.842066	 364.818602	 365.537188	 1.806064
366.114779	 365.088477	 365.818328	 1.810069
366.774469	 365.746378	 366.479850	 1.814073
366.921096	 365.895240	 366.619504	 1.818078
366.353362	 365.330859	 366.045645	 1.822082
365.860215	 364.838361	 365.556857	 1.826087
366.138427	 365.113913	 365.843071	 1.830092
366.809203	 365.782766	 366.514250	 1.834096
366.960413	 365.936189	 366.657748	 1.838101
366.395584	 365.376300	 366.085498	 1.842105
365.909143	 364.891982	 365.601471	 1.846110
366.192429	 365.170753	 365.893743	 1.850114
366.858578	 365.834108	 366.562149	 1.854119
367.015040	 365.992694	 366.710945	 1.858124
366.452358	 365.432313	 366.141847	 1.862128
365.973382	 364.952265	 365.666314	 1.866133
366.260222	 365.235663	 365.961022	 1.870137
366.922907	 365.896246	 366.625204	 1.874142
367.065354	 366.039789	 366.760476	 1.878146
366.501487	 365.478045	 366.190529	 1.882151
366.032279	 365.008480	 365.724898	 1.886156
366.325221	 365.297890	 366.025216	 1.890160
366.983837	 365.954249	 366.683922	 1.894165
367.119177	 366.091846	 366.811729	 1.898169
366.561054	 365.536875	 366.247817	 1.902174
366.113908	 365.089751	 365.804403	 1.906178
366.414471	 365.387141	 366.112544	 1.910183
367.053083	 366.023495	 366.751268	 1.914188
367.174788	 366.146809	 366.866133	 1.918192
366.641811	 365.616045	 366.327657	 1.922197
366.224035	 365.197173	 365.912496	 1.926201
366.527504	 365.494608	 366.220279	 1.930206
367.147273	 366.109907	 366.838842	 1.934211
367.263502	 366.226493	 366.947695	 1.938215
366.741120	 365.705362	 366.419277	 1.942220
366.338028	 365.302539	 366.020745	 1.946224
366.633653	 365.596867	 366.325735	 1.950229
367.236390	 366.195648	 366.927600	 1.954233
367.346718	 366.305462	 367.029211	 1.958238
366.842016	 365.800089	 366.517893	 1.962243
366.452022	 365.409358	 366.134024	 1.966247
366.749815	 365.707888	 366.442299	 1.970252
367.339230	 366.301059	 367.034084	 1.974256
367.437176	 366.405777	 367.128498	 1.978261
366.929858	 365.903801	 366.618632	 1.982265
366.546235	 365.521318	 366.239681	 1.986270
366.847112	 365.819088	 366.547330	 1.990275
367.431275	 366.400390	 367.131940	 1.994279
367.525018	 366.497531	 367.219872	 1.998284
367.024920	 366.002104	 366.714342	 2.002288
366.644560	 365.622370	 366.337850	 2.006293
366.933546	 365.908450	 366.634189	 2.010297
367.507360	 366.479984	 367.207891	 2.014302
367.602534	 366.576007	 367.296717	 2.018307
367.102101	 366.078346	 366.792506	 2.022311
366.723864	 365.702077	 366.420305	 2.026316
367.015957	 365.992694	 366.720534	 2.030320
367.584004	 366.559981	 367.289766	 2.034325
367.669857	 366.647533	 367.369047	 2.038330
367.166384	 366.146049	 366.860836	 2.042334
366.794585	 365.775167	 366.494245	 2.046339
367.091685	 366.069584	 366.798161	 2.050343
367.651551	 366.626210	 367.358609	 2.054348
367.729536	 366.704597	 367.431051	 2.058352
367.229952	 366.206578	 366.926215	 2.062357
366.864077	 365.840456	 366.564340	 2.066362
367.164484	 366.137533	 366.871453	 2.070366
367.720596	 366.691767	 367.427698	 2.074371
367.789104	 366.762376	 367.490440	 2.078375
367.283016	 366.260066	 366.980954	 2.082380
366.915776	 365.893564	 366.617336	 2.086384
367.200716	 366.177543	 366.910077	 2.090389
367.740846	 366.716801	 367.451347	 2.094394
367.802984	 366.781152	 367.506801	 2.098398
367.295935	 366.276874	 366.994320	 2.102403
366.923667	 365.905165	 366.625584	 2.106407
367.212742	 366.192586	 366.921811	 2.110412
367.752961	 366.731844	 367.462344	 2.114416
367.813557	 366.794205	 367.515965	 2.118421
367.308385	 366.290889	 367.005474	 2.122426
366.938977	 365.920945	 366.640381	 2.126430
367.223448	 366.202040	 366.931780	 2.130435
367.760672	 366.737432	 367.469161	 2.134439
367.812327	 366.790785	 367.514356	 2.138444
367.302573	 366.283066	 366.999707	 2.142449
366.933367	 365.913234	 366.634144	 2.146453
367.218330	 366.195335	 366.926237	 2.150458
367.747597	 366.722680	 367.455727	 2.154462
367.792501	 366.769082	 367.494552	 2.158467
367.282233	 366.259619	 366.978875	 2.162471
366.904533	 365.881382	 366.605132	 2.166476
367.174274	 366.149223	 366.882472	 2.170481
367.694623	 366.668566	 367.403469	 2.174485
367.732666	 366.709112	 367.435790	 2.178490
367.218911	 366.198129	 366.918369	 2.182494
366.854354	 365.831829	 366.557657	 2.186499
367.140210	 366.114064	 366.850196	 2.190503
367.662012	 366.632401	 367.372043	 2.194508
367.704726	 366.676568	 367.407448	 2.198513
367.197654	 366.169295	 366.892531	 2.202517
366.833365	 365.803822	 366.531617	 2.206522
367.111958	 366.080559	 366.818390	 2.210526
367.626115	 366.592838	 367.332458	 2.214531
367.659173	 366.627282	 367.358430	 2.218535
367.142289	 366.113639	 366.836942	 2.222540
366.774424	 365.746445	 366.472787	 2.226545
367.048099	 366.017393	 366.752206	 2.230549
367.554410	 366.524062	 367.258719	 2.234554
367.579891	 366.551465	 367.277495	 2.238558
367.058202	 366.032167	 366.750865	 2.242563
366.686403	 365.660793	 366.383648	 2.246568
366.958289	 365.929394	 366.661861	 2.250572
367.460600	 366.429581	 367.163121	 2.254577
367.489523	 366.461254	 367.185093	 2.258581
366.970583	 365.945308	 366.662397	 2.262586
366.603388	 365.577577	 366.299226	 2.266590
366.880014	 365.852817	 366.584121	 2.270595
367.388806	 366.361565	 367.094590	 2.274600
367.418981	 366.395249	 367.119021	 2.278604
366.903773	 365.883193	 366.598650	 2.282609
366.537138	 365.518524	 366.236909	 2.286613
366.803772	 365.789628	 366.516708	 2.290618
367.301992	 366.291827	 367.020740	 2.294622
367.324657	 366.317822	 367.039046	 2.298627
366.810231	 365.805118	 366.519234	 2.302632
366.444512	 365.437052	 366.155214	 2.306636
366.710207	 365.699618	 366.427726	 2.310641
367.200783	 366.189054	 366.918973	 2.314645
367.213412	 366.201862	 366.923152	 2.318650
366.681485	 365.669398	 366.383805	 2.322654
366.309306	 365.295208	 366.013727	 2.326659
366.582713	 365.565798	 366.293459	 2.330664
367.083683	 366.064689	 366.793937	 2.334668
367.106839	 366.089611	 366.810880	 2.338673
366.589329	 365.571230	 366.285994	 2.342677
366.223945	 365.204035	 365.922778	 2.346682
366.501666	 365.478783	 366.206824	 2.350686
367.010615	 365.986279	 366.716131	 2.354691
367.041281	 366.019136	 366.740986	 2.358696
366.526811	 365.508108	 366.223543	 2.362700
366.161159	 365.143194	 365.863143	 2.366705
366.440288	 365.418254	 366.147770	 2.370709
366.941369	 365.916653	 366.648204	 2.374714
366.967297	 365.946024	 366.669393	 2.378719
366.454503	 365.433789	 366.149916	 2.382723
366.090595	 365.068449	 365.788556	 2.386728
366.370573	 365.345678	 366.075731	 2.390732
366.881221	 365.853957	 366.586021	 2.394737
366.911865	 365.885383	 366.609446	 2.398741
366.402580	 365.377775	 366.094663	 2.402746
366.045556	 365.019723	 365.740455	 2.406751
366.326651	 365.297376	 366.027853	 2.410755
366.837970	 365.805990	 366.538300	 2.414760
366.869911	 365.838512	 366.562842	 2.418764
366.357519	 365.327573	 366.044997	 2.422769
365.998595	 364.967867	 365.689113	 2.426773
366.284764	 365.250415	 365.981138	 2.430778
366.803347	 365.766070	 366.498358	 2.434783
366.845145	 365.808873	 366.532198	 2.438787
366.336039	 365.303098	 366.018644	 2.442792
365.975170	 364.943056	 365.662626	 2.446796
366.260088	 365.224800	 365.953601	 2.450801
366.781442	 365.744657	 366.474598	 2.454805
366.823195	 365.788645	 366.510517	 2.458810
366.320236	 365.287742	 366.003848	 2.462815
365.968174	 364.934250	 365.657239	 2.466819
366.259484	 365.223906	 365.957512	 2.470824
366.787701	 365.752972	 366.487875	 2.474828
366.837031	 365.804023	 366.529918	 2.478833
366.342566	 365.308127	 366.026356	 2.482838
365.994929	 364.961563	 365.683100	 2.486842
366.291716	 365.257322	 365.987911	 2.490847
366.825699	 365.789405	 366.522006	 2.494851
366.879388	 365.843340	 366.567581	 2.498856
366.387180	 365.351780	 366.068533	 2.502860
366.046919	 365.009485	 365.730441	 2.506865
366.353630	 365.310765	 366.041309	 2.510870
366.899616	 365.852482	 366.584859	 2.514874
366.963363	 365.917905	 366.641655	 2.518879
366.467490	 365.433029	 366.148933	 2.522883
366.127319	 365.097417	 365.816361	 2.526888
366.437047	 365.408218	 366.135924	 2.530892
366.988665	 365.958943	 366.687811	 2.534897
367.051898	 366.023450	 366.744182	 2.538902
366.561524	 365.536406	 366.250253	 2.542906
366.224035	 365.198648	 365.916296	 2.546911
366.534701	 365.507996	 366.234965	 2.550915
367.081626	 366.054385	 366.783409	 2.554920
367.145642	 366.119853	 366.841144	 2.558924
366.651601	 365.627601	 366.342320	 2.562929
366.307295	 365.282579	 366.001635	 2.566934
366.616487	 365.588977	 366.317487	 2.570938
367.164529	 366.135946	 366.865820	 2.574943
367.222778	 366.196207	 366.918280	 2.578947
366.721562	 365.697450	 366.412750	 2.582952
366.370930	 365.347310	 366.066209	 2.586957
366.677440	 365.651875	 366.379893	 2.590961
367.226801	 366.200163	 366.929992	 2.594966
367.283440	 366.258456	 366.980418	 2.598970
366.778872	 365.756995	 366.471960	 2.602975
366.429402	 365.408531	 366.126939	 2.606979
366.735845	 365.712850	 366.440109	 2.610984
367.284915	 366.260222	 366.989224	 2.614989
367.346696	 366.323612	 367.043941	 2.618993
366.845413	 365.824855	 366.536735	 2.622998
366.492703	 365.471161	 366.187065	 2.627002
366.798050	 365.772596	 366.498805	 2.631007
367.349735	 366.321622	 367.050133	 2.635011
367.407984	 366.381570	 367.102257	 2.639016
366.889446	 365.865490	 366.579316	 2.643021
366.520977	 365.496709	 366.214982	 2.647025
366.819552	 365.792467	 366.521156	 2.651030
367.362968	 366.334229	 367.065198	 2.655034
367.411806	 366.385101	 367.108001	 2.659039
366.883523	 365.860260	 366.576164	 2.663043
366.506024	 365.483857	 366.203583	 2.667048
366.803168	 365.778743	 366.507835	 2.671053
367.352261	 366.326249	 367.056659	 2.675057
367.399133	 366.374864	 367.096468	 2.679062
366.871363	 365.848972	 366.562619	 2.683066
366.495184	 365.471742	 366.189747	 2.687071
366.796172	 365.768707	 366.497173	 2.691076
367.353133	 366.323008	 367.053687	 2.695080
367.404497	 366.375915	 367.098032	 2.699085
366.868011	 365.841820	 366.556941	 2.703089
366.484544	 365.457884	 366.177543	 2.707094
366.783186	 365.751809	 366.483315	 2.711098
367.338314	 366.304814	 367.039203	 2.715103
367.388002	 366.358302	 367.083258	 2.719108
366.846151	 365.820183	 366.537406	 2.723112
366.455286	 365.430123	 366.150564	 2.727117
366.751268	 365.724093	 366.453274	 2.731121
367.308988	 366.280964	 367.011062	 2.735126
367.355413	 366.329915	 367.050870	 2.739130
366.804465	 365.782319	 366.495385	 2.743135
366.409174	 365.387655	 366.104229	 2.747140
366.710386	 365.686945	 366.412393	 2.751144
367.269336	 366.244933	 366.971276	 2.755149
367.311313	 366.289637	 367.007083	 2.759153
366.758107	 365.738756	 366.448826	 2.763158
366.355284	 365.336000	 366.050473	 2.767162
366.655267	 365.633010	 366.357720	 2.771167
367.220699	 366.196207	 366.923152	 2.775172
367.268532	 366.245783	 366.963989	 2.779176
366.711146	 365.690856	 366.402089	 2.783181
366.305127	 365.284546	 365.999601	 2.787185
366.600125	 365.576370	 366.301126	 2.791190
367.160193	 366.134426	 366.861126	 2.795195
367.202594	 366.178236	 366.896532	 2.799199
366.636849	 365.614525	 366.325690	 2.803204
366.222738	 365.200056	 365.915581	 2.807208
366.511366	 365.485287	 366.211249	 2.811213
367.066092	 366.037755	 366.766377	 2.815217
367.098345	 366.071439	 366.792059	 2.819222
366.523056	 365.498609	 366.212032	 2.823227
366.101681	 365.077167	 365.794792	 2.827231
366.386152	 365.358687	 366.086638	 2.831236
366.944185	 365.915022	 366.644583	 2.835240
366.977847	 365.950717	 366.671427	 2.839245
366.404950	 365.380435	 366.092740	 2.843249
365.983262	 364.958680	 365.675120	 2.847254
366.272404	 365.244402	 365.971236	 2.851259
366.832181	 365.802280	 366.531192	 2.855263
366.864971	 365.837014	 366.557478	 2.859268
366.285278	 365.259825	 365.973114	 2.863272
365.857265	 364.831454	 365.549481	 2.867277
366.141110	 365.111655	 365.840501	 2.871281
366.698048	 365.666582	 366.398333	 2.875286
366.729229	 365.700199	 366.423099	 2.879291
366.147659	 365.121714	 365.837171	 2.883295
365.725702	 364.699601	 365.419215	 2.887300
366.011604	 364.982596	 365.712962	 2.891304
366.571515	 365.540876	 366.273655	 2.895309
366.604238	 365.575543	 366.299449	 2.899314
366.021483	 364.995717	 365.711844	 2.903318
365.596420	 364.570855	 365.291632	 2.907323
365.882276	 364.853537	 365.585222	 2.911327
366.442411	 365.412353	 366.145960	 2.915332
366.477570	 365.450284	 366.174593	 2.919336
365.893653	 364.869541	 365.586496	 2.923341
365.470893	 364.446803	 365.168317	 2.927346
365.762203	 364.734514	 365.466623	 2.931350
366.318359	 365.288994	 366.023539	 2.935355
366.354077	 365.325517	 366.051189	 2.939359
365.771412	 364.745578	 365.462801	 2.943364
365.343778	 364.318951	 365.039124	 2.947368
365.631043	 364.603712	 365.333452	 2.951373
366.195804	 365.166596	 365.897945	 2.955378
366.233176	 365.206516	 365.928165	 2.959382
365.653126	 364.629796	 365.343577	 2.963387
365.228376	 364.205136	 364.923409	 2.967391
365.519061	 364.492981	 365.222073	 2.971396
366.088874	 365.061230	 365.792646	 2.975400
366.133465	 365.107788	 365.830085	 2.979405
365.555829	 364.533304	 365.247979	 2.983410
365.134767	 364.112599	 364.831431	 2.987414
365.433923	 364.408782	 365.138343	 2.991419
366.011849	 364.985033	 365.716896	 2.995423
366.063191	 365.038453	 365.760571	 2.999428
365.496485	 364.474049	 365.187674	 3.003432
365.080743	 364.058173	 364.776334	 3.007437
365.385509	 364.360123	 365.088789	 3.011442
365.971348	 364.944196	 365.675076	 3.015446
366.028367	 365.002959	 365.724853	 3.019451
365.455403	 364.432609	 365.147530	 3.023455
365.041381	 364.018476	 364.737934	 3.027460
365.355222	 364.329344	 365.058726	 3.031465
365.954048	 364.926650	 365.657708	 3.035469
366.022288	 364.996991	 365.718259	 3.039474
365.462958	 364.440499	 365.153162	 3.043478
365.050792	 364.028087	 364.745221	 3.047483
365.371673	 364.345885	 365.073769	 3.051487
365.978277	 364.950432	 365.680641	 3.055492
366.054005	 365.028015	 365.749038	 3.059497
365.495010	 364.471859	 365.184924	 3.063501
365.093059	 364.070399	 364.786884	 3.067506
365.418880	 364.393427	 365.119925	 3.071510
366.031497	 365.004188	 365.732766	 3.075515
366.109750	 365.083961	 365.803777	 3.079519
365.557237	 364.533796	 365.245833	 3.083524
365.160717	 364.137455	 364.853113	 3.087529
365.494563	 364.468752	 365.194312	 3.091533
366.113460	 365.086554	 365.813902	 3.095538
366.193748	 365.168496	 365.886859	 3.099542
365.637704	 364.614530	 365.325673	 3.103547
365.233651	 364.210098	 364.925354	 3.107551
365.558824	 364.531985	 365.257724	 3.111556
366.175867	 365.147239	 365.875079	 3.115561
366.261228	 365.234545	 365.952908	 3.119565
365.712895	 364.689252	 365.399412	 3.123570
365.315324	 364.292218	 365.006848	 3.127574
365.646644	 364.620900	 365.346192	 3.131579
366.263620	 365.236110	 365.964039	 3.135584
366.340957	 365.315168	 366.034961	 3.139588
365.786790	 364.764354	 365.476033	 3.143593
365.392125	 364.369846	 365.085459	 3.147597
365.724138	 364.698014	 365.425071	 3.151602
366.338923	 365.310206	 366.039476	 3.155606
366.414471	 365.387163	 366.107470	 3.159611
365.858852	 364.834203	 365.547000	 3.163616
365.461572	 364.437326	 365.154615	 3.167620
365.803196	 364.776670	 365.503213	 3.171625
366.420931	 365.393958	 366.122066	 3.175629
366.498469	 365.473865	 366.193033	 3.179634
365.945688	 364.923230	 365.634083	 3.183638
365.547984	 364.525503	 365.241005	 3.187643
365.884534	 364.859729	 365.585468	 3.191648
366.502604	 365.476324	 366.204052	 3.195652
366.578645	 365.554957	 366.273343	 3.199657
366.023539	 365.003093	 365.713208	 3.203661
365.624136	 364.603667	 365.318677	 3.207666
365.956931	 364.933288	 365.659273	 3.211670
366.570107	 365.544430	 366.272493	 3.215675
366.639889	 365.616335	 366.335302	 3.219680
366.078391	 365.057229	 365.768819	 3.223684
365.684151	 364.663168	 365.378557	 3.227689
366.017326	 364.993146	 365.719667	 3.231693
366.632602	 365.605875	 366.335279	 3.235698
366.704798	 365.679211	 366.399160	 3.239703
366.144395	 365.121155	 365.832991	 3.243707
365.743204	 364.719650	 365.436560	 3.247712
366.077340	 365.050367	 365.778296	 3.251716
366.689621	 365.660480	 366.390533	 3.255721
366.757794	 365.730620	 366.451687	 3.259725
366.193368	 365.168988	 365.882433	 3.263730
365.793540	 364.768802	 365.487343	 3.267735
366.134114	 365.105464	 365.834086	 3.271739
366.744495	 365.714035	 366.444535	 3.275744
366.809248	 365.781157	 366.502694	 3.279748
366.245828	 365.220553	 365.934021	 3.283753
365.853666	 364.828615	 365.546106	 3.287757
366.190865	 365.162662	 365.890479	 3.291762
366.803973	 365.773535	 366.502984	 3.295767
366.869061	 365.840590	 366.560987	 3.299771
366.304054	 365.278668	 365.991241	 3.303776
365.908115	 364.882841	 365.599795	 3.307780
366.239927	 365.211881	 365.939296	 3.311785
366.841524	 365.812047	 366.542055	 3.315789
366.904668	 365.877359	 366.598315	 3.319794
366.340599	 365.316017	 366.028971	 3.323799
365.941911	 364.917575	 365.634574	 3.327803
366.272225	 365.245051	 365.972399	 3.331808
366.881310	 365.852526	 366.581551	 3.335812
366.940766	 365.914262	 366.633899	 3.339817
366.368002	 365.344270	 366.055905	 3.343822
365.965850	 364.941894	 365.658111	 3.347826
366.296857	 365.269749	 365.996561	 3.351831
366.898029	 365.869245	 366.597845	 3.355835
366.952389	 365.925862	 366.644694	 3.359840
366.375646	 365.352317	 366.062588	 3.363844
365.971482	 364.948868	 365.663118	 3.367849
366.299047	 365.273415	 365.998148	 3.371854
366.897381	 365.870005	 366.596705	 3.375858
366.945549	 365.920230	 366.637564	 3.379863
366.367756	 365.345343	 366.054944	 3.383867
365.961424	 364.939055	 365.653216	 3.387872
366.287849	 365.262530	 365.986905	 3.391876
366.885646	 365.858695	 366.585261	 3.395881
366.932585	 365.907668	 366.625673	 3.399886
366.355373	 365.333385	 366.043410	 3.403890
365.949399	 364.927611	 365.642107	 3.407895
366.276762	 365.252091	 365.977115	 3.411899
366.871140	 365.844837	 366.571962	 3.415904
366.916313	 365.892223	 366.610787	 3.419908
366.337827	 365.316554	 366.027764	 3.423913
365.930959	 364.909596	 365.625567	 3.427918
366.257026	 365.232623	 365.959010	 3.431922
366.853594	 365.827537	 366.555802	 3.435927
366.901851	 365.878074	 366.597443	 3.439931
366.325802	 365.304663	 366.016812	 3.443936
365.921727	 364.900096	 365.617364	 3.447941
366.251617	 365.226610	 365.954853	 3.451945
366.849570	 365.822731	 366.552762	 3.455950
366.894542	 365.870206	 366.590558	 3.459954
366.315520	 365.293978	 366.006194	 3.463959
365.909613	 364.887199	 365.604958	 3.467963
366.241938	 365.215926	 365.944258	 3.471968
366.837746	 365.809633	 366.540044	 3.475973
366.883098	 365.857220	 366.578421	 3.479977
366.302333	 365.279360	 365.992292	 3.483982
365.897476	 364.874324	 365.591659	 3.487986
366.223945	 365.197531	 365.925661	 3.491991
366.820513	 365.792355	 366.521670	 3.495995
366.862914	 365.836634	 366.556472	 3.500000
