366.189412	 365.135125	 365.838646	 0.000000
365.757800	 364.707826	 365.418545	 0.004005
366.200431	 365.144870	 365.878164	 0.008009
366.889915	 365.827626	 366.566620	 0.012014
366.880863	 365.822709	 366.540111	 0.016018
366.174369	 365.122585	 365.823000	 0.020023
365.747518	 364.693745	 365.407771	 0.024027
366.180471	 365.121423	 365.857645	 0.028032
366.870000	 365.808538	 366.545319	 0.032037
366.868480	 365.811086	 366.525940	 0.036041
366.167239	 365.116886	 365.814685	 0.040046
365.744076	 364.693745	 365.404575	 0.044050
366.180113	 365.122563	 365.858651	 0.048055
366.868122	 365.807756	 366.545117	 0.052059
366.866088	 365.811466	 366.525090	 0.056064
366.169966	 365.120216	 365.819021	 0.060069
365.746646	 364.693611	 365.408039	 0.064073
366.179018	 365.119970	 365.857578	 0.068078
366.862602	 365.802235	 366.538814	 0.072082
366.861573	 365.805610	 366.519480	 0.076087
366.162679	 365.111320	 365.810885	 0.080092
365.734308	 364.681652	 365.395075	 0.084096
366.165205	 365.106649	 365.843049	 0.088101
366.854153	 365.794009	 366.530008	 0.092105
366.856097	 365.800089	 366.514183	 0.096110
366.144686	 365.089415	 365.793004	 0.100114
365.694455	 364.635071	 365.354932	 0.104119
366.119652	 365.059017	 365.796066	 0.108124
366.799436	 365.733257	 366.475380	 0.112128
366.760700	 365.694142	 366.419858	 0.116133
366.033464	 364.977031	 365.681960	 0.120137
365.615240	 364.563971	 365.275985	 0.124142
366.064376	 365.005865	 365.742712	 0.128146
366.737052	 365.669063	 366.414628	 0.132151
366.715326	 365.654534	 366.375468	 0.136156
366.026736	 364.976360	 365.676104	 0.140160
365.613765	 364.562384	 365.275047	 0.144165
366.043075	 364.982686	 365.721679	 0.148169
366.722300	 365.659430	 366.399205	 0.152174
366.719081	 365.662939	 366.378239	 0.156178
366.023584	 364.973767	 365.672908	 0.160183
365.597202	 364.543742	 365.259177	 0.164188
366.021304	 364.959663	 365.700288	 0.168192
366.699926	 365.639134	 366.376697	 0.172197
366.700753	 365.647293	 366.359620	 0.176201
366.005882	 364.954411	 365.654892	 0.180206
365.576460	 364.521681	 365.238278	 0.184211
366.007625	 364.948890	 365.686632	 0.188215
366.691879	 365.632809	 366.369120	 0.192220
366.688169	 365.633010	 366.347573	 0.196224
365.989498	 364.937982	 365.639045	 0.200229
365.572347	 364.519379	 365.234411	 0.204233
366.012721	 364.954344	 365.691772	 0.208238
366.695120	 365.635267	 366.372741	 0.212243
366.688929	 365.633680	 366.348891	 0.216247
365.991353	 364.940150	 365.641168	 0.220252
365.571565	 364.518328	 365.233986	 0.224256
366.008765	 364.950097	 365.688822	 0.228261
366.693824	 365.634753	 366.372204	 0.232265
366.691097	 365.637301	 366.351507	 0.236270
365.992538	 364.942341	 365.642777	 0.240275
365.570358	 364.518038	 365.233048	 0.244279
366.007804	 364.950432	 365.687369	 0.248284
366.693220	 365.635111	 366.371042	 0.252288
366.687051	 365.632965	 366.346746	 0.256293
365.985318	 364.934518	 365.635290	 0.260297
365.567810	 364.515713	 365.230947	 0.264302
366.009324	 364.952466	 365.690096	 0.268307
366.692035	 365.633144	 366.370908	 0.272311
366.681351	 365.626260	 366.342119	 0.276316
365.980311	 364.929667	 365.631177	 0.280320
365.563831	 364.511466	 365.227169	 0.284325
366.005144	 364.947012	 365.685603	 0.288330
366.688973	 365.629456	 366.367332	 0.292334
366.681441	 365.626595	 366.341515	 0.296339
365.980959	 364.930271	 365.631177	 0.300343
365.567698	 364.515467	 365.230500	 0.304348
366.012542	 364.954701	 365.692398	 0.308352
366.700216	 365.640833	 366.377770	 0.312357
366.689599	 365.634373	 366.348958	 0.316362
365.988671	 364.937178	 365.638151	 0.320366
365.571475	 364.518149	 365.233852	 0.324371
366.018510	 364.960289	 365.698322	 0.328375
366.706720	 365.647538	 366.384453	 0.332380
366.691633	 365.636921	 366.351395	 0.336384
365.987911	 364.937267	 365.637860	 0.340389
365.576862	 364.524855	 365.239530	 0.344394
366.026982	 364.969588	 365.706435	 0.348398
366.713739	 365.654736	 366.387761	 0.352403
366.702541	 365.647717	 366.347439	 0.356407
365.999757	 364.948756	 365.632384	 0.360412
365.589424	 364.536634	 365.234858	 0.364416
366.037129	 364.978953	 365.699841	 0.368421
366.719908	 365.660145	 366.380117	 0.372426
366.703927	 365.648567	 366.345986	 0.376430
366.003557	 364.952064	 365.636027	 0.380435
365.593626	 364.540568	 365.239440	 0.384439
366.040303	 364.982172	 365.703619	 0.388444
366.719439	 365.660122	 366.380810	 0.392449
366.702474	 365.647650	 366.345650	 0.396453
365.998394	 364.947795	 365.632406	 0.400458
365.582428	 364.530353	 365.230209	 0.404462
366.029239	 364.972091	 365.693739	 0.408467
366.710252	 365.651852	 366.372025	 0.412471
366.688213	 365.633792	 366.331994	 0.416476
365.985564	 364.934674	 365.619666	 0.420481
365.572995	 364.520474	 365.222341	 0.424485
366.023428	 364.965475	 365.699104	 0.428490
366.709984	 365.651003	 366.386711	 0.432494
366.694025	 365.639492	 366.352892	 0.436499
365.986145	 364.935568	 365.635647	 0.440503
365.579746	 364.527403	 365.242212	 0.444508
366.031810	 364.974147	 365.711151	 0.448513
366.712867	 365.654043	 366.390242	 0.452517
366.693846	 365.639715	 366.353429	 0.456522
365.992359	 364.942229	 365.642666	 0.460526
365.585557	 364.533706	 365.249074	 0.464531
366.042583	 364.985569	 365.723288	 0.468535
366.722948	 365.664682	 366.401373	 0.472540
366.700127	 365.646108	 366.360380	 0.476545
365.999645	 364.949270	 365.649975	 0.480549
365.598230	 364.546044	 365.261166	 0.484554
366.050049	 364.992789	 365.729838	 0.488558
366.728581	 365.670114	 366.405888	 0.492563
366.707905	 365.653797	 366.366661	 0.496568
366.001411	 364.951103	 365.650444	 0.500572
365.595414	 364.542870	 365.257053	 0.504577
366.047009	 364.989056	 365.726038	 0.508581
366.726345	 365.667253	 366.403094	 0.512586
366.702094	 365.647538	 366.361006	 0.516590
365.998394	 364.947437	 365.647740	 0.520595
365.594185	 364.541351	 365.256517	 0.524600
366.049579	 364.991470	 365.729010	 0.528604
366.729519	 365.670292	 366.406738	 0.532609
366.700306	 365.645460	 366.359441	 0.536613
365.992582	 364.941424	 365.642263	 0.540618
365.591413	 364.538266	 365.253947	 0.544622
366.050809	 364.992275	 365.730083	 0.548627
366.727083	 365.667431	 366.403921	 0.552632
366.697579	 365.642241	 366.356044	 0.556636
365.990928	 364.939502	 365.640229	 0.560641
365.589692	 364.536433	 365.252248	 0.564645
366.049982	 364.991314	 365.729323	 0.568650
366.727798	 365.667923	 366.404413	 0.572654
366.697266	 365.641861	 366.355753	 0.576659
365.988961	 364.937222	 365.638151	 0.580664
365.588865	 364.535271	 365.251041	 0.584668
366.047433	 364.988654	 365.726328	 0.588673
366.722836	 365.662961	 366.399071	 0.592677
366.689957	 365.634574	 366.348176	 0.596682
365.984334	 364.932953	 365.633300	 0.600686
365.587144	 364.534086	 365.249186	 0.604691
366.049780	 364.991559	 365.721724	 0.608696
366.729296	 365.669868	 366.390622	 0.612700
366.696528	 365.641459	 366.338788	 0.616705
365.986972	 364.935702	 365.620292	 0.620709
365.587099	 364.534287	 365.234568	 0.624714
366.047545	 364.989704	 365.712515	 0.628719
366.723350	 365.664146	 366.385481	 0.632723
366.687431	 365.632451	 366.330876	 0.636728
365.977204	 364.926270	 365.611463	 0.640732
365.581176	 364.528498	 365.228376	 0.644737
366.043097	 364.985077	 365.707016	 0.648741
366.718768	 365.659608	 366.379491	 0.652746
366.683251	 365.628763	 366.325355	 0.656751
365.971907	 364.921218	 365.605092	 0.660755
365.574180	 364.521703	 365.221067	 0.664760
366.040907	 364.983043	 365.704401	 0.668764
366.718075	 365.658982	 366.378284	 0.672769
366.678848	 365.623801	 366.320728	 0.676773
365.967727	 364.916145	 365.600935	 0.680778
365.569374	 364.515914	 365.216396	 0.684783
366.034514	 364.976025	 365.698500	 0.688787
366.707749	 365.648477	 366.369008	 0.692792
366.666264	 365.611664	 366.309463	 0.696796
365.953757	 364.902957	 365.590296	 0.700801
365.565105	 364.512182	 365.224263	 0.704805
366.030960	 364.972829	 365.709833	 0.708810
366.703569	 365.644521	 366.379871	 0.712815
366.659603	 365.605271	 366.318180	 0.716819
365.948438	 364.897861	 365.598409	 0.720824
365.561819	 364.509253	 365.224934	 0.724828
366.035520	 364.977612	 365.715197	 0.728833
366.708464	 365.649394	 366.385504	 0.732838
366.661682	 365.607350	 366.320728	 0.736842
365.948259	 364.897906	 365.598208	 0.740847
365.557729	 364.505320	 365.218206	 0.744851
366.033620	 364.976025	 365.700333	 0.748856
366.710878	 365.652053	 366.371556	 0.752860
366.666934	 365.612290	 366.308636	 0.756865
365.954808	 364.903717	 365.587367	 0.760870
365.562825	 364.509723	 365.209958	 0.764874
366.036079	 364.977545	 365.699953	 0.768879
366.711303	 365.651428	 366.371489	 0.772883
366.662598	 365.607015	 366.304076	 0.776888
365.949399	 364.897481	 365.581958	 0.780892
365.562445	 364.508717	 365.208662	 0.784897
366.034916	 364.976114	 365.698120	 0.788902
366.707637	 365.647695	 366.367890	 0.792906
366.657837	 365.602388	 366.300031	 0.796911
365.942850	 364.891200	 365.576192	 0.800915
365.555516	 364.502056	 365.202448	 0.804920
366.029753	 364.970951	 365.693471	 0.808924
366.705603	 365.645571	 366.365968	 0.812929
366.656541	 365.600801	 366.298041	 0.816934
365.942626	 364.890485	 365.575007	 0.820938
365.556276	 364.502123	 365.202739	 0.824943
366.033195	 364.973454	 365.696153	 0.828947
366.701311	 365.640408	 366.361252	 0.832952
366.647712	 365.591503	 366.289615	 0.836957
365.933395	 364.881209	 365.567340	 0.840961
365.551091	 364.497027	 365.199095	 0.844966
366.028837	 364.969543	 365.693762	 0.848970
366.699635	 365.639335	 366.360872	 0.852975
366.641364	 365.585669	 366.284004	 0.856979
365.924879	 364.872782	 365.559584	 0.860984
365.549258	 364.494792	 365.206449	 0.864989
366.029932	 364.970325	 365.707933	 0.868993
366.700149	 365.639604	 366.374663	 0.872998
366.643465	 365.587524	 366.299360	 0.877002
365.924476	 364.871978	 365.571677	 0.881007
365.542485	 364.488109	 365.203812	 0.885011
366.024612	 364.965274	 365.702568	 0.889016
366.697400	 365.637301	 366.372160	 0.893021
366.640224	 365.585065	 366.296946	 0.897025
365.924029	 364.872648	 365.572101	 0.901030
365.548073	 364.494479	 365.209645	 0.905034
366.033531	 364.974594	 365.711800	 0.909039
366.700216	 365.640073	 366.375803	 0.913043
366.636402	 365.580863	 366.293906	 0.917048
365.918285	 364.866635	 365.566737	 0.921053
365.541278	 364.487528	 365.202962	 0.925057
366.026736	 364.967330	 365.704871	 0.929062
366.696327	 365.635826	 366.371131	 0.933066
366.633429	 365.577510	 366.290106	 0.937071
365.913748	 364.861316	 365.561998	 0.941076
365.542642	 364.488109	 365.204482	 0.945080
366.028032	 364.968425	 365.706502	 0.949085
366.694829	 365.634351	 366.370126	 0.953089
366.633697	 365.577756	 366.290442	 0.957094
365.917659	 364.865317	 365.565463	 0.961098
365.546531	 364.491998	 365.207835	 0.965103
366.037174	 364.977545	 365.714594	 0.969108
366.703658	 365.643180	 366.377658	 0.973112
366.639241	 365.583098	 366.295247	 0.977117
365.920163	 364.867798	 365.567810	 0.981121
365.551582	 364.497273	 365.212976	 0.985126
366.041734	 364.982261	 365.719176	 0.989130
366.710073	 365.649885	 366.383872	 0.993135
366.644605	 365.589223	 366.300455	 0.997140
365.927673	 364.876157	 365.575342	 1.001144
365.558422	 364.505185	 365.220173	 1.005149
366.047724	 364.989347	 365.726105	 1.009153
366.711928	 365.652679	 366.385146	 1.013158
366.650349	 365.595727	 366.294487	 1.017162
365.931964	 364.881030	 365.564904	 1.021167
365.564055	 364.510997	 365.210674	 1.025172
366.053155	 364.994711	 365.716002	 1.029176
366.718679	 365.659117	 366.377993	 1.033181
366.649634	 365.594766	 366.291202	 1.037185
365.929260	 364.877789	 365.562490	 1.041190
365.559852	 364.505789	 365.206941	 1.045195
366.049646	 364.990285	 365.712627	 1.049199
366.714521	 365.654356	 366.373590	 1.053204
366.646594	 365.591033	 366.287134	 1.057208
365.925885	 364.873877	 365.558400	 1.061213
365.559137	 364.504984	 365.206293	 1.065217
366.050965	 364.991761	 365.715108	 1.069222
366.715393	 365.655518	 366.375937	 1.073227
366.642437	 365.586742	 366.292699	 1.077231
365.926063	 364.873475	 365.572638	 1.081236
365.561372	 364.506884	 365.221648	 1.085240
366.054497	 364.994957	 365.731179	 1.089245
366.715169	 365.654534	 366.388543	 1.093249
366.640001	 365.584350	 366.295471	 1.097254
365.921481	 364.869876	 365.568838	 1.101259
365.559070	 364.505208	 365.220508	 1.105263
366.053044	 364.993549	 365.730687	 1.109268
366.716421	 365.656278	 366.390466	 1.113272
366.641342	 365.586160	 366.297080	 1.117277
365.924208	 364.872626	 365.571989	 1.121281
365.566849	 364.512785	 365.228331	 1.125286
366.060420	 365.001171	 365.738152	 1.129291
366.718746	 365.658893	 366.392723	 1.133295
366.642213	 365.587144	 366.298041	 1.137300
365.922778	 364.871307	 365.570604	 1.141304
365.564323	 364.510751	 365.226364	 1.145309
366.060263	 365.001282	 365.738644	 1.149314
366.722590	 365.662581	 366.397194	 1.153318
366.644940	 365.589603	 366.301662	 1.157323
365.923180	 364.871665	 365.572280	 1.161327
365.563831	 364.510080	 365.226789	 1.165332
366.063504	 365.004210	 365.742064	 1.169336
366.722255	 365.662067	 366.396769	 1.173341
366.646930	 365.591301	 366.302892	 1.177346
365.930221	 364.878147	 365.578136	 1.181350
365.571699	 364.517144	 365.233562	 1.185355
366.068064	 365.008055	 365.746020	 1.189359
366.725049	 365.664414	 366.399116	 1.193364
366.642660	 365.586786	 366.298376	 1.197368
365.920610	 364.868312	 365.568100	 1.201373
365.559495	 364.505163	 365.220799	 1.205378
366.055793	 364.996544	 365.733146	 1.209382
366.716399	 365.656524	 366.389974	 1.213387
366.634770	 365.579544	 366.290017	 1.217391
365.916631	 364.864937	 365.563563	 1.221396
365.561931	 364.507979	 365.222922	 1.225400
366.061560	 365.002355	 365.739002	 1.229405
366.718545	 365.658535	 366.392187	 1.233410
366.635173	 365.579746	 366.290822	 1.237414
365.914441	 364.862389	 365.562334	 1.241419
365.558064	 364.503397	 365.220173	 1.245423
366.056933	 364.997036	 365.735716	 1.249428
366.712599	 365.652210	 366.387873	 1.253432
366.625405	 365.569933	 366.282596	 1.257437
365.902616	 364.850810	 365.551739	 1.261442
365.546240	 364.492199	 365.209310	 1.265446
366.047053	 364.988162	 365.726708	 1.269451
366.701982	 365.642845	 366.378060	 1.273455
366.615637	 365.561596	 366.273477	 1.277460
365.896582	 364.846228	 365.546218	 1.281465
365.543804	 364.491439	 365.207634	 1.285469
366.044371	 364.986731	 365.724495	 1.289474
366.700574	 365.641995	 366.376473	 1.293478
366.612798	 365.558847	 366.270414	 1.297483
365.892111	 364.841602	 365.541412	 1.301487
365.542597	 364.489606	 365.205689	 1.305492
366.046115	 364.987760	 365.725390	 1.309497
366.699948	 365.640609	 366.375199	 1.313501
366.607121	 365.552231	 366.263932	 1.317506
365.883461	 364.832013	 365.532494	 1.321510
365.534729	 364.480889	 365.197777	 1.325515
366.038537	 364.979311	 365.717544	 1.329519
366.692840	 365.632920	 366.367957	 1.333524
366.603344	 365.548140	 366.260155	 1.337529
365.883774	 364.831968	 365.532516	 1.341533
365.540630	 364.486544	 365.203409	 1.345538
366.049087	 364.989749	 365.727938	 1.349542
366.705312	 365.645214	 366.380005	 1.353547
366.610697	 365.555069	 366.266838	 1.357551
365.887440	 364.835142	 365.535735	 1.361556
365.542709	 364.488265	 365.205041	 1.365561
366.050585	 364.991023	 365.728832	 1.369565
366.705312	 365.644923	 366.379089	 1.373570
366.612955	 365.557081	 366.268358	 1.377574
365.891552	 364.839366	 365.539423	 1.381579
365.546039	 364.491685	 365.208327	 1.385584
366.055949	 364.996387	 365.734151	 1.389588
366.707570	 365.647427	 366.381413	 1.393593
366.616017	 365.560568	 366.271353	 1.397597
365.891821	 364.839813	 365.539244	 1.401602
365.548364	 364.494032	 365.209936	 1.405606
366.060777	 365.001260	 365.738510	 1.409611
366.719372	 365.659452	 366.393327	 1.413616
366.623751	 365.568748	 366.279601	 1.417620
365.899040	 364.847502	 365.547090	 1.421625
365.559160	 364.505185	 365.221358	 1.425629
366.072199	 365.012928	 365.750513	 1.429634
366.722926	 365.662961	 366.397372	 1.433638
366.623639	 365.568190	 366.279825	 1.437643
365.898280	 364.846407	 365.546732	 1.441648
365.559629	 364.505476	 365.222296	 1.445652
366.072534	 365.013263	 365.751250	 1.449657
366.727731	 365.667722	 366.401954	 1.453661
366.628624	 365.573196	 366.283960	 1.457666
365.903823	 364.851839	 365.551404	 1.461670
365.567407	 364.513031	 365.229471	 1.465675
366.084157	 365.024707	 365.762493	 1.469680
366.735688	 365.675746	 366.409845	 1.473684
366.634189	 365.579097	 366.290039	 1.477689
365.912742	 364.861472	 365.561194	 1.481693
365.580438	 364.526867	 365.243218	 1.485698
366.097591	 365.038856	 365.776307	 1.489703
366.748965	 365.689649	 366.423256	 1.493707
366.644426	 365.589893	 366.300567	 1.497712
365.919269	 364.868133	 365.567832	 1.501716
365.585646	 364.532186	 365.248426	 1.505721
366.103179	 365.044444	 365.781917	 1.509725
366.750195	 365.690901	 366.424664	 1.513730
366.643063	 365.588351	 366.299047	 1.517735
365.917100	 364.865965	 365.565753	 1.521739
365.586518	 364.533170	 365.249655	 1.525744
366.105213	 365.046902	 365.784309	 1.529748
366.750955	 365.692085	 366.425692	 1.533753
366.641677	 365.587524	 366.298175	 1.537757
365.912809	 364.861942	 365.561998	 1.541762
365.581198	 364.527828	 365.244916	 1.545767
366.100809	 365.042231	 365.780576	 1.549771
366.747445	 365.688107	 366.422429	 1.553776
366.636558	 365.581757	 366.292878	 1.557780
365.909098	 364.857471	 365.557528	 1.561785
365.577019	 364.522955	 365.239887	 1.565789
366.092450	 365.033268	 365.771389	 1.569794
366.734951	 365.674875	 366.409129	 1.573799
366.619683	 365.564099	 366.275175	 1.577803
365.892402	 364.840260	 365.540451	 1.581808
365.564390	 364.509857	 365.226655	 1.585812
366.082570	 365.023098	 365.760683	 1.589817
366.724378	 365.664414	 366.397953	 1.593822
366.610049	 365.554667	 366.265296	 1.597826
365.881002	 364.828950	 365.529007	 1.601831
365.549034	 364.494434	 365.211456	 1.605835
366.065516	 365.005686	 365.743718	 1.609840
366.704038	 365.643984	 366.377658	 1.613844
366.587787	 365.532829	 366.242832	 1.617849
365.859388	 364.808253	 365.507013	 1.621854
365.531309	 364.477939	 365.193396	 1.625858
366.054072	 364.995270	 365.731760	 1.629863
366.693466	 365.633859	 366.366393	 1.633867
366.573325	 365.518345	 366.227901	 1.637872
365.844860	 364.793299	 365.486919	 1.641876
365.521653	 364.468082	 365.169233	 1.645881
366.044192	 364.985569	 365.707083	 1.649886
366.687520	 365.628025	 366.345405	 1.653890
366.566441	 365.511439	 366.206265	 1.657895
365.837863	 364.786214	 365.470870	 1.661899
365.517764	 364.463634	 365.165434	 1.665904
366.042270	 364.982641	 365.704982	 1.669908
366.684302	 365.623667	 366.340800	 1.673913
366.562328	 365.506119	 366.200275	 1.677918
365.832521	 364.779754	 365.463874	 1.681922
365.513696	 364.458761	 365.159399	 1.685927
366.037353	 364.977478	 365.698389	 1.689931
366.673528	 365.613385	 366.329959	 1.693936
366.549699	 365.494429	 366.187646	 1.697941
365.821301	 364.769629	 365.452408	 1.701945
365.500620	 364.446423	 365.146323	 1.705950
366.027138	 364.967487	 365.688308	 1.709954
366.666733	 365.606434	 366.323209	 1.713959
366.542323	 365.486606	 366.180538	 1.717963
365.817523	 364.764913	 365.448295	 1.721968
365.497402	 364.442399	 365.143395	 1.725973
366.027071	 364.967107	 365.688263	 1.729977
366.663917	 365.603617	 366.319991	 1.733982
366.540848	 365.485354	 366.178616	 1.737986
365.813791	 364.761694	 365.444540	 1.741991
365.494362	 364.439985	 365.140444	 1.745995
366.019181	 364.959842	 365.681111	 1.750000
366.654283	 365.594498	 366.311452	 1.754005
366.530991	 365.476101	 366.169832	 1.758009
365.802324	 364.751055	 365.434683	 1.762014
365.483812	 364.429882	 365.130945	 1.766018
366.016409	 364.956869	 365.678272	 1.770023
366.656027	 365.596129	 366.312078	 1.774027
366.526118	 365.471116	 366.163931	 1.778032
365.797943	 364.746160	 365.428938	 1.782037
365.479900	 364.425747	 365.126363	 1.786041
366.010933	 364.951438	 365.672461	 1.790046
366.648651	 365.588262	 366.304479	 1.794050
366.520754	 365.464880	 366.157896	 1.798055
365.789025	 364.736638	 365.419349	 1.802059
365.471094	 364.416337	 365.115880	 1.806064
366.002708	 364.942408	 365.662000	 1.810069
366.636022	 365.575253	 366.290464	 1.814073
366.502336	 365.446641	 366.139545	 1.818078
365.774340	 364.722154	 365.404374	 1.822082
365.462086	 364.407262	 365.106358	 1.826087
365.990816	 364.930651	 365.651696	 1.830092
366.623639	 365.563093	 366.280696	 1.834096
366.490266	 365.434593	 366.130314	 1.838101
365.763320	 364.710754	 365.405223	 1.842105
365.453078	 364.397696	 365.114338	 1.846110
365.986279	 364.925555	 365.663185	 1.850114
366.624600	 365.563429	 366.296477	 1.854119
366.492613	 365.436449	 366.146049	 1.858124
365.760258	 364.707357	 365.406721	 1.862128
365.450575	 364.394835	 365.111655	 1.866133
365.985072	 364.923968	 365.661687	 1.870137
366.619549	 365.557953	 366.291224	 1.874142
366.485930	 365.428983	 366.138941	 1.878146
365.757397	 364.703892	 365.403346	 1.882151
365.451089	 364.395036	 365.111722	 1.886156
365.986436	 364.925264	 365.662603	 1.890160
366.623796	 365.562199	 366.294778	 1.894165
366.492501	 365.435823	 366.145111	 1.898169
365.761599	 364.708340	 365.407592	 1.902174
365.454352	 364.398456	 365.115120	 1.906178
365.990057	 364.928952	 365.666426	 1.910183
366.624801	 365.563429	 366.295985	 1.914188
366.491384	 365.434929	 366.144082	 1.918192
365.759297	 364.706262	 365.405067	 1.922197
365.452341	 364.396578	 365.113019	 1.926201
365.992426	 364.931321	 365.668661	 1.930206
366.626657	 365.565038	 366.297661	 1.934211
366.489327	 365.432448	 366.141914	 1.938215
365.759565	 364.705837	 365.405201	 1.942220
365.454263	 364.397696	 365.114472	 1.946224
365.991711	 364.930003	 365.667476	 1.950229
366.621247	 365.559182	 366.291917	 1.954233
366.481035	 365.423686	 366.133286	 1.958238
365.754313	 364.700271	 365.399747	 1.962243
365.452899	 364.396064	 365.112862	 1.966247
365.988671	 364.926493	 365.663855	 1.970252
366.617336	 365.554667	 366.287223	 1.974256
366.473949	 365.416041	 366.125374	 1.978261
365.738890	 364.684290	 365.383542	 1.982265
365.433453	 364.376350	 365.093059	 1.986270
365.972309	 364.909774	 365.647315	 1.990275
366.600237	 365.537255	 366.269990	 1.994279
366.455442	 365.397378	 366.106911	 1.998284
365.720517	 364.666140	 365.365638	 2.002288
365.416377	 364.359631	 365.076541	 2.006293
365.954875	 364.892698	 365.630417	 2.010297
366.583696	 365.521229	 366.254455	 2.014302
366.440377	 365.383073	 366.093299	 2.018307
365.707553	 364.653959	 365.354283	 2.022311
365.405648	 364.350131	 365.067399	 2.026316
365.953087	 364.892474	 365.630305	 2.030320
366.589888	 365.528493	 366.261988	 2.034325
366.451754	 365.395724	 366.105481	 2.038330
365.730128	 364.677450	 365.376747	 2.042334
365.445881	 364.388979	 365.106850	 2.046339
366.008296	 364.946252	 365.684463	 2.050343
366.664275	 365.605785	 366.335145	 2.054348
366.554863	 365.507773	 366.206265	 2.058352
365.870542	 364.829308	 365.513718	 2.062357
365.615665	 364.569402	 365.273370	 2.066362
366.199559	 365.144289	 365.872576	 2.070366
366.870581	 365.813366	 366.539082	 2.074371
366.759202	 365.705206	 366.408906	 2.078375
366.059436	 365.008748	 365.702300	 2.082380
365.806057	 364.751748	 365.464053	 2.086384
366.395294	 365.333519	 366.068578	 2.090389
367.061689	 365.998371	 366.730145	 2.094394
366.945459	 365.885383	 366.595677	 2.098398
366.247414	 365.188970	 365.891932	 2.102403
366.005926	 364.943615	 365.666381	 2.106407
366.603143	 365.533544	 366.278528	 2.110412
367.265760	 366.194754	 366.934954	 2.114416
367.155789	 366.091265	 366.806745	 2.118421
366.521693	 365.465081	 366.165674	 2.122426
366.362168	 365.302942	 366.019136	 2.126430
366.994700	 365.929327	 366.663939	 2.130435
367.649159	 366.583138	 367.311447	 2.134439
367.570660	 366.510360	 367.217726	 2.138444
367.005832	 365.948214	 366.648360	 2.142449
366.888194	 365.822709	 366.540960	 2.146453
367.499224	 366.425670	 367.163076	 2.150458
368.122435	 367.045864	 367.778330	 2.154462
368.041030	 366.971298	 367.682955	 2.158467
367.497212	 366.433135	 367.137170	 2.162471
367.385834	 366.321220	 367.039247	 2.166476
367.982715	 366.918906	 367.647751	 2.170481
368.587955	 367.526918	 368.248387	 2.174485
368.497453	 367.437332	 368.144496	 2.178490
367.944046	 366.881042	 367.587580	 2.182494
367.799721	 366.734772	 367.457672	 2.186499
368.329122	 367.263793	 368.000417	 2.190503
368.846475	 367.784075	 368.513814	 2.194508
368.692338	 367.635346	 368.345953	 2.198513
368.110209	 367.054201	 367.760717	 2.202517
367.950506	 366.889401	 367.614581	 2.206522
368.461578	 367.399602	 368.137299	 2.210526
368.970304	 367.912619	 368.640504	 2.214531
368.816457	 367.765545	 368.471681	 2.218535
368.240229	 367.191932	 367.891139	 2.222540
368.089176	 367.038443	 367.753006	 2.226545
368.603870	 367.550946	 368.278965	 2.230549
369.100436	 368.048049	 368.769205	 2.234554
368.934497	 367.883674	 368.588939	 2.238558
368.345148	 367.296270	 367.997198	 2.242563
368.179902	 367.129325	 367.844424	 2.246568
368.668824	 367.616660	 368.345260	 2.250572
369.129091	 368.077665	 368.801302	 2.254577
368.929557	 367.880634	 368.588648	 2.258581
368.325456	 367.278769	 367.983162	 2.262586
368.153191	 367.105699	 367.825761	 2.266590
368.639319	 367.589570	 368.323221	 2.270595
369.101710	 368.056587	 368.782438	 2.274600
368.926808	 367.888658	 368.596382	 2.278604
368.370875	 367.335989	 368.037677	 2.282609
368.252053	 367.215714	 367.932624	 2.286613
368.788137	 367.746457	 368.477850	 2.290618
369.302563	 368.254355	 368.979222	 2.294622
369.168005	 368.127554	 368.834718	 2.298627
368.648461	 367.608546	 368.312179	 2.302632
368.556998	 367.511160	 368.231847	 2.306636
369.099676	 368.048764	 368.785030	 2.310641
369.603060	 368.553645	 369.283743	 2.314645
369.465820	 368.420093	 369.132242	 2.318650
368.946924	 367.901779	 368.609703	 2.322654
368.863776	 367.814719	 368.538893	 2.326659
369.416467	 368.362135	 369.101732	 2.330664
369.924321	 368.869989	 369.603574	 2.334668
369.795597	 368.745960	 369.460053	 2.338673
369.296282	 368.249080	 368.956625	 2.342677
369.224265	 368.173621	 368.897169	 2.346682
369.770966	 368.715896	 369.454242	 2.350686
370.267532	 369.212128	 369.944192	 2.354691
370.114579	 369.061164	 369.776397	 2.358696
369.583971	 368.531405	 369.243107	 2.362700
369.493357	 368.436701	 369.165703	 2.366705
370.025955	 368.966102	 369.709186	 2.370709
370.505355	 369.446933	 370.182886	 2.374714
370.355665	 369.303501	 370.020322	 2.378719
369.845487	 368.798106	 369.508310	 2.382723
369.755454	 368.708699	 369.431912	 2.386728
370.270371	 369.222186	 369.957804	 2.390732
370.720669	 369.673646	 370.400369	 2.394737
370.523571	 369.479968	 370.188653	 2.398741
369.954317	 368.904635	 369.617499	 2.402746
369.830734	 368.783399	 369.506634	 2.406751
370.331168	 369.280792	 370.016612	 2.410755
370.774134	 369.723580	 370.452716	 2.414760
370.579563	 369.532428	 370.244331	 2.418764
370.027854	 368.982486	 369.690030	 2.422769
369.929395	 368.881679	 369.597181	 2.426773
370.453923	 369.402743	 370.123945	 2.430778
370.908580	 369.857422	 370.573259	 2.434783
370.717316	 369.670539	 370.367065	 2.438787
370.161361	 369.117647	 369.808651	 2.442792
370.058655	 369.012951	 369.718238	 2.446796
370.570175	 369.521096	 370.239883	 2.450801
371.018372	 369.969963	 370.685711	 2.454805
370.829232	 369.785159	 370.480433	 2.458810
370.282575	 369.241207	 369.930334	 2.462815
370.181076	 369.136981	 369.841217	 2.466819
370.695076	 369.647227	 370.365500	 2.470824
371.141865	 370.094865	 370.808467	 2.474828
370.968751	 369.925282	 370.621450	 2.478833
370.445743	 369.405135	 370.094932	 2.482838
370.379783	 369.337633	 370.041623	 2.486842
370.938822	 369.895778	 370.614588	 2.490847
371.442832	 370.402559	 371.115446	 2.494851
371.343143	 370.310403	 371.006660	 2.498856
370.931826	 369.905657	 370.596058	 2.502860
370.978608	 369.951724	 370.657235	 2.506865
371.634565	 370.604842	 371.325820	 2.510870
372.218102	 371.192269	 371.907301	 2.514874
372.171901	 371.150828	 371.847644	 2.518879
371.792480	 370.767988	 371.458500	 2.522883
371.858954	 370.828807	 371.535278	 2.526888
372.510440	 371.475264	 372.199326	 2.530892
373.060450	 372.017473	 372.738115	 2.534897
372.966058	 371.918209	 372.621618	 2.538902
372.521437	 371.476784	 372.175745	 2.542906
372.512027	 371.463060	 372.182563	 2.546911
373.092592	 372.035443	 372.781031	 2.550915
373.542666	 372.483417	 373.226322	 2.554920
373.338394	 372.285202	 373.008303	 2.558924
372.782886	 371.736690	 372.452013	 2.562929
372.666992	 371.616572	 372.346580	 2.566934
373.126589	 372.070692	 372.815788	 2.570938
373.459674	 372.402772	 373.141810	 2.574943
373.121001	 372.069306	 372.787043	 2.578947
372.430511	 371.383644	 372.092329	 2.582952
372.165598	 371.115222	 371.838368	 2.586957
372.475862	 371.420614	 372.157439	 2.590961
372.674502	 371.619209	 372.347496	 2.594966
372.208915	 371.158137	 371.865257	 2.598970
371.372379	 370.324104	 371.024809	 2.602975
370.983749	 369.933195	 370.648585	 2.606979
371.196247	 370.141446	 370.870538	 2.610984
371.339455	 370.283111	 371.003866	 2.614989
370.840050	 369.789585	 370.491050	 2.618993
369.991488	 368.944510	 369.642086	 2.622998
369.633190	 368.579260	 369.293957	 2.627002
369.937352	 368.881657	 369.611173	 2.631007
370.224416	 369.162440	 369.885697	 2.635011
369.900807	 368.840597	 369.545504	 2.639016
369.242213	 368.181399	 368.882797	 2.643021
369.029246	 367.965906	 368.683822	 2.647025
369.430482	 368.362538	 369.094423	 2.651030
369.760997	 368.688001	 369.412086	 2.655034
369.430571	 368.359118	 369.064271	 2.659039
368.729710	 367.659464	 368.358850	 2.663043
368.467881	 367.395780	 368.109404	 2.667048
368.820771	 367.746278	 368.473134	 2.671053
369.109779	 368.036292	 368.755906	 2.675057
368.751100	 367.681011	 368.382140	 2.679062
368.024691	 366.955004	 367.650612	 2.683066
367.738633	 366.666532	 367.377027	 2.687071
368.071920	 366.995237	 367.719098	 2.691076
368.348478	 367.272220	 367.987498	 2.695080
367.978647	 366.907573	 367.603182	 2.699085
367.235786	 366.167842	 366.858109	 2.703089
366.940207	 365.870966	 366.576700	 2.707094
367.282367	 366.210288	 366.929858	 2.711098
367.581881	 366.511545	 367.226689	 2.715103
367.242179	 366.175978	 366.875230	 2.719108
366.535350	 365.472792	 366.168781	 2.723112
366.279646	 365.215837	 365.928857	 2.727117
366.674154	 365.607193	 366.336173	 2.731121
367.026976	 365.960910	 366.685620	 2.735126
366.731799	 365.671075	 366.380094	 2.739130
366.067528	 365.010022	 365.715666	 2.743135
365.855410	 364.796384	 365.519061	 2.747140
366.287424	 365.225940	 365.964240	 2.751144
366.679138	 365.619330	 366.350814	 2.755149
366.425334	 365.370198	 366.082883	 2.759153
365.805856	 364.753513	 365.460723	 2.763158
365.638642	 364.583595	 365.306808	 2.767162
366.123027	 365.064113	 365.801274	 2.771167
366.564698	 365.506901	 366.234942	 2.775172
366.353854	 365.301757	 366.007223	 2.779176
365.761264	 364.713258	 365.410163	 2.783181
365.615598	 364.566005	 365.276231	 2.787185
366.113215	 365.059576	 365.783616	 2.791190
366.554058	 365.500129	 366.216748	 2.795195
366.331166	 365.281104	 365.977942	 2.799199
365.713029	 364.665336	 365.357189	 2.803204
365.542977	 364.492132	 365.201129	 2.807208
366.021327	 364.963173	 365.690230	 2.811213
366.451374	 365.393846	 366.114466	 2.815217
366.206220	 365.154682	 365.855745	 2.819222
365.568503	 364.517591	 365.216910	 2.823227
365.387990	 364.334932	 365.052244	 2.827231
365.873626	 364.817439	 365.550129	 2.831236
366.315140	 365.260026	 365.986123	 2.835240
366.084314	 365.033983	 365.740343	 2.839245
365.462019	 364.411487	 365.114494	 2.843249
365.300460	 364.245346	 364.966794	 2.847254
365.809253	 364.751457	 365.487969	 2.851259
366.286396	 365.227035	 365.955680	 2.855263
366.084694	 365.027434	 365.733749	 2.859268
365.486226	 364.428631	 365.128218	 2.863272
365.349925	 364.287323	 365.002914	 2.867277
365.889943	 364.820904	 365.551985	 2.871281
366.379893	 365.309692	 366.033106	 2.875286
366.166613	 365.102133	 365.805230	 2.879291
365.539982	 364.476195	 365.174620	 2.883295
365.367493	 364.300220	 365.015409	 2.887300
365.876756	 364.806822	 365.537344	 2.891304
366.343393	 365.275181	 365.999422	 2.895309
366.097077	 365.035726	 365.739561	 2.899314
365.431241	 364.376998	 365.072204	 2.903318
365.234657	 364.184460	 364.891982	 2.907323
365.733682	 364.682479	 365.403748	 2.911327
366.197905	 365.149005	 365.860774	 2.915332
365.949689	 364.905528	 365.596129	 2.919336
365.274644	 364.237747	 364.918112	 2.923341
365.070997	 364.032915	 364.729195	 2.927346
365.576192	 364.533974	 365.245922	 2.931350
366.052708	 365.012212	 365.714214	 2.935355
365.805699	 364.767260	 365.451111	 2.939359
365.125089	 364.086940	 364.768154	 2.943364
364.942453	 363.902694	 364.600963	 2.947368
365.491009	 364.444724	 365.162640	 2.951373
366.003065	 364.956691	 365.669153	 2.955378
365.767567	 364.725641	 365.417137	 2.959382
365.083760	 364.044985	 364.730491	 2.963387
364.892921	 363.853923	 364.556259	 2.967391
365.445814	 364.403016	 365.122406	 2.971396
365.960195	 364.917262	 365.630238	 2.975400
365.706681	 364.668197	 365.360497	 2.979405
364.990039	 363.954595	 364.640548	 2.983410
364.773742	 363.734453	 364.439136	 2.987414
365.318074	 364.273420	 364.997080	 2.991419
365.833326	 364.785387	 365.503392	 2.995423
365.568458	 364.521927	 365.218832	 2.999428
364.820613	 363.774060	 364.465086	 3.003432
364.582187	 363.531610	 364.242709	 3.007437
365.130095	 364.073953	 364.803469	 3.011442
365.645974	 364.590234	 365.311279	 3.015446
365.356139	 364.306031	 365.003316	 3.019451
364.575370	 363.529711	 364.218480	 3.023455
364.316157	 363.267927	 363.974734	 3.027460
364.868245	 363.813935	 364.540300	 3.031465
365.401401	 364.345482	 365.065790	 3.035469
365.119411	 364.067605	 364.765024	 3.039474
364.326595	 363.276935	 363.967402	 3.043478
364.053680	 363.000041	 363.711207	 3.047483
364.604673	 363.544977	 364.276818	 3.051487
365.147798	 364.087029	 364.812991	 3.055492
364.868737	 363.811745	 364.515378	 3.059497
364.074981	 363.019711	 363.717353	 3.063501
363.807163	 362.747847	 363.465807	 3.067506
364.366895	 363.301499	 364.039934	 3.071510
364.913507	 363.847575	 364.579170	 3.075515
364.640257	 363.579063	 364.287435	 3.079519
363.856158	 362.798160	 363.499245	 3.083524
363.597861	 362.537248	 363.257355	 3.087529
364.158085	 363.093561	 363.832018	 3.091533
364.703267	 363.640843	 364.370248	 3.095538
364.434666	 363.378725	 364.083140	 3.099542
363.657406	 362.605622	 363.302192	 3.103547
363.404608	 362.350880	 363.066180	 3.107551
363.968252	 362.910456	 363.643950	 3.111556
364.514260	 363.457067	 364.182225	 3.115561
364.242307	 363.189875	 363.891675	 3.119565
363.469495	 362.419522	 363.114795	 3.123570
363.222620	 362.169383	 362.883790	 3.127574
363.789751	 362.731083	 363.463929	 3.131579
364.335267	 363.276152	 364.001444	 3.135584
364.065571	 363.010323	 363.712324	 3.139588
363.292000	 362.239389	 362.934484	 3.143593
363.052747	 361.996515	 362.710989	 3.147597
363.631143	 362.569435	 363.302840	 3.151602
364.189713	 363.126887	 363.852962	 3.155606
363.929360	 362.870692	 363.574012	 3.159611
363.163634	 362.108631	 362.805000	 3.163616
362.927756	 361.869825	 362.585394	 3.167620
363.511114	 362.449652	 363.183348	 3.171625
364.076859	 363.016984	 363.742007	 3.175629
363.825245	 362.769751	 363.471194	 3.179634
363.071612	 362.019001	 362.713581	 3.183638
362.850776	 361.795640	 362.509510	 3.187643
363.448417	 362.388475	 363.120964	 3.191648
364.031507	 362.971699	 363.696298	 3.195652
363.792813	 362.737721	 363.438828	 3.199657
363.047651	 361.995420	 362.689777	 3.203661
362.831710	 361.776507	 362.490287	 3.207666
363.435565	 362.375489	 363.108380	 3.211670
364.017381	 362.957327	 363.682999	 3.215675
363.776429	 362.720488	 363.423674	 3.219680
363.029702	 361.976600	 362.673304	 3.223684
362.817159	 361.760838	 362.477234	 3.227689
363.418935	 362.357295	 363.093270	 3.231693
363.990089	 362.928292	 363.657384	 3.235698
363.737783	 362.680791	 363.386883	 3.239703
362.983345	 361.928879	 362.628444	 3.243707
362.761146	 361.703238	 362.422539	 3.247712
363.352059	 362.289077	 363.027243	 3.251716
363.917804	 362.855180	 363.585299	 3.255721
363.658680	 362.601353	 363.307311	 3.259725
362.893245	 361.839226	 362.537673	 3.263730
362.663513	 361.606924	 362.324147	 3.267735
363.253868	 362.192450	 362.928158	 3.271739
363.816618	 362.755536	 363.482638	 3.275744
363.551504	 362.495339	 363.198570	 3.279748
362.784570	 361.731066	 362.427256	 3.283753
362.559421	 361.502921	 362.218334	 3.287757
363.149776	 362.088291	 362.822658	 3.291762
363.711207	 362.649611	 363.376646	 3.295767
363.447993	 362.391403	 363.095483	 3.299771
362.682199	 361.628583	 362.326673	 3.303776
362.460403	 361.403657	 362.121662	 3.307780
363.059922	 361.997722	 362.735039	 3.311785
363.628550	 362.566686	 363.296202	 3.315789
363.371080	 362.314223	 363.020381	 3.319794
362.615904	 361.561885	 362.261607	 3.323799
362.401953	 361.345275	 362.064688	 3.327803
363.012201	 361.951320	 362.689441	 3.331808
363.586037	 362.526073	 363.255946	 3.335812
363.328657	 362.273923	 362.980685	 3.339817
362.577795	 361.525988	 362.226202	 3.343822
362.377813	 361.323817	 362.043185	 3.347826
362.999281	 361.941016	 362.678199	 3.351831
363.584338	 362.526497	 363.254404	 3.355835
363.337866	 362.284987	 362.989022	 3.359840
362.601800	 361.551760	 362.249045	 3.363844
362.417555	 361.364385	 362.080513	 3.367849
363.047628	 361.987954	 362.723215	 3.371854
363.635278	 362.574844	 363.301857	 3.375858
363.392761	 362.336887	 363.040543	 3.379863
362.657948	 361.603862	 362.302130	 3.383867
362.473211	 361.415034	 362.134001	 3.387872
363.102166	 362.038961	 362.776949	 3.391876
363.688229	 362.624979	 363.355076	 3.395881
363.443455	 362.385346	 363.091661	 3.399886
362.709916	 361.654958	 362.354657	 3.403890
362.527324	 361.469774	 362.188606	 3.407895
363.160013	 362.097679	 362.834929	 3.411899
363.748244	 362.686715	 363.415136	 3.415904
363.506465	 362.450255	 363.154492	 3.419908
362.774490	 361.720627	 362.418762	 3.423913
362.591004	 361.533767	 362.251593	 3.427918
363.219290	 362.157448	 362.893982	 3.431922
363.801910	 362.740672	 363.468534	 3.435927
363.549268	 362.493171	 363.197117	 3.439931
362.808621	 361.755273	 362.452826	 3.443936
362.623683	 361.567697	 362.284249	 3.447941
363.250940	 362.190886	 362.925230	 3.451945
363.828598	 362.768813	 363.494328	 3.455950
363.567753	 362.512974	 363.214596	 3.459954
362.824491	 361.772752	 362.460247	 3.463959
362.637876	 361.583231	 362.283646	 3.467963
363.259254	 362.199536	 362.918524	 3.471968
363.831347	 362.772098	 363.482437	 3.475973
363.571017	 362.516394	 363.203621	 3.479977
362.824535	 361.772148	 362.454592	 3.483982
362.632020	 361.576012	 362.279488	 3.487986
363.257466	 362.196116	 362.918547	 3.491991
363.828352	 362.767181	 363.481766	 3.495995
363.564333	 362.507901	 363.198838	 3.500000
