366.294778	 365.244648	 365.964665	 0.000000
366.934328	 365.882746	 366.606607	 0.004005
367.140233	 366.090438	 366.804487	 0.008009
366.624041	 365.576549	 366.280406	 0.012014
366.096764	 365.050076	 365.755900	 0.016018
366.292386	 365.242681	 365.960910	 0.020023
366.930372	 365.877404	 366.601466	 0.024027
367.131515	 366.079776	 366.794272	 0.028032
366.610675	 365.562982	 366.265318	 0.032037
366.088784	 365.042052	 365.747004	 0.036041
366.288139	 365.237719	 365.956015	 0.040046
366.921811	 365.868396	 366.592570	 0.044050
367.122306	 366.071260	 366.785376	 0.048055
366.605691	 365.558355	 366.261317	 0.052059
366.082973	 365.036308	 365.742444	 0.056064
366.283177	 365.232578	 365.951455	 0.060069
366.919576	 365.865982	 366.590111	 0.064073
367.121547	 366.070925	 366.784661	 0.068078
366.608619	 365.562155	 366.263172	 0.072082
366.088918	 365.042566	 365.746378	 0.076087
366.289928	 365.239328	 365.956775	 0.080092
366.924561	 365.871011	 366.593911	 0.084096
367.120854	 366.069718	 366.782783	 0.088101
366.603746	 365.556969	 366.258389	 0.092105
366.082012	 365.035838	 365.739739	 0.096110
366.280026	 365.230142	 365.947991	 0.100114
366.914726	 365.862115	 366.585708	 0.104119
367.113209	 366.062633	 366.775899	 0.108124
366.594805	 365.547850	 366.249069	 0.112128
366.071372	 365.025109	 365.729279	 0.116133
366.270146	 365.220352	 365.937597	 0.120137
366.901024	 365.848302	 366.570732	 0.124142
367.095529	 366.044774	 366.757347	 0.128146
366.576142	 365.529544	 366.230382	 0.132151
366.053401	 365.007340	 365.711129	 0.136156
366.251661	 365.200883	 365.918442	 0.140160
366.875364	 365.820653	 366.543977	 0.144165
367.063074	 366.011268	 366.723574	 0.148169
366.530052	 365.481957	 366.182594	 0.152174
365.994013	 364.945917	 365.650109	 0.156178
366.178549	 365.126475	 365.843295	 0.160183
366.806879	 365.753262	 366.475536	 0.164188
367.000668	 365.950449	 366.662621	 0.168192
366.480633	 365.433565	 366.135231	 0.172197
365.966721	 364.920213	 365.624918	 0.176201
366.175934	 365.126743	 365.843608	 0.180206
366.822301	 365.769579	 366.491876	 0.184211
367.018594	 365.966766	 366.681217	 0.188215
366.494446	 365.447691	 366.149559	 0.192220
365.974835	 364.929153	 365.633434	 0.196224
366.181477	 365.130543	 365.849241	 0.200229
366.814903	 365.760661	 366.484298	 0.204233
367.001115	 365.951008	 366.664453	 0.208238
366.481705	 365.436650	 366.138785	 0.212243
365.970454	 364.925555	 365.631691	 0.216247
366.187691	 365.138030	 365.856706	 0.220252
366.825252	 365.772261	 366.495429	 0.224256
367.010525	 365.959971	 366.672142	 0.228261
366.479113	 365.432895	 366.133689	 0.232265
365.961357	 364.915183	 365.619241	 0.236270
366.172067	 365.120954	 365.838713	 0.240275
366.808756	 365.755006	 366.477280	 0.244279
366.996600	 365.946001	 366.657725	 0.248284
366.468809	 365.422456	 366.123519	 0.252288
365.954696	 364.908880	 365.613541	 0.256293
366.169228	 365.120037	 365.837215	 0.260297
366.806745	 365.754536	 366.476721	 0.264302
366.993829	 365.943923	 366.656563	 0.268307
366.467423	 365.421674	 366.122714	 0.272311
365.954026	 364.908456	 365.612781	 0.276316
366.166054	 365.116684	 365.834377	 0.280320
366.803213	 365.751161	 366.473413	 0.284325
366.986967	 365.937195	 366.649679	 0.288330
366.457677	 365.411951	 366.114109	 0.292334
365.945822	 364.900565	 365.606791	 0.296339
366.166479	 365.117087	 365.836567	 0.300343
366.804621	 365.752346	 366.476386	 0.304348
366.985894	 365.936390	 366.649947	 0.308352
366.457856	 365.412085	 366.114019	 0.312357
365.951522	 364.905460	 365.610546	 0.316362
366.172894	 365.122876	 365.840948	 0.320366
366.812601	 365.759923	 366.482711	 0.324371
366.996556	 365.946426	 366.659581	 0.328375
366.469390	 365.423484	 366.125620	 0.332380
365.963592	 364.917821	 365.623510	 0.336384
366.184383	 365.134543	 365.853286	 0.340389
366.822055	 365.769154	 366.492680	 0.344394
367.003619	 365.953198	 366.666398	 0.348398
366.476945	 365.430682	 366.132303	 0.352403
365.970812	 364.924772	 365.629679	 0.356407
366.190507	 365.140623	 365.858651	 0.360412
366.829320	 365.776240	 366.499296	 0.364416
367.013006	 365.962296	 366.675205	 0.368421
366.486623	 365.440315	 366.141624	 0.372426
365.974522	 364.928483	 365.633278	 0.376430
366.193256	 365.143395	 365.861422	 0.380435
366.830639	 365.778117	 366.500995	 0.384439
367.006904	 365.956551	 366.669639	 0.388444
366.475894	 365.429497	 366.131387	 0.392449
365.969314	 364.923118	 365.628204	 0.396453
366.189032	 365.138835	 365.857958	 0.400458
366.823553	 365.770696	 366.494535	 0.404462
366.999215	 365.948885	 366.662643	 0.408467
366.465858	 365.419327	 366.122580	 0.412471
365.958675	 364.912524	 365.619107	 0.416476
366.183801	 365.133627	 365.853040	 0.420481
366.820603	 365.767746	 366.491965	 0.424485
366.995013	 365.944772	 366.659022	 0.428490
366.461991	 365.415997	 366.119205	 0.432494
365.956372	 364.910624	 365.617542	 0.436499
366.182282	 365.132755	 365.852906	 0.440503
366.820647	 365.768640	 366.493150	 0.444508
366.997047	 365.947499	 366.661414	 0.448513
366.466462	 365.420713	 366.123563	 0.452517
365.958071	 364.912680	 365.619532	 0.456522
366.184427	 365.134923	 365.855186	 0.460526
366.819753	 365.767500	 366.492390	 0.464531
366.992957	 365.943408	 366.657390	 0.468535
366.463645	 365.418098	 366.120211	 0.472540
365.962474	 364.917217	 365.623175	 0.476545
366.193748	 365.144512	 365.863412	 0.480549
366.828113	 365.776173	 366.498983	 0.484554
366.995237	 365.945599	 366.658016	 0.488558
366.459980	 365.414141	 366.115584	 0.492563
365.959680	 364.913753	 365.618816	 0.496568
366.192519	 365.142300	 365.860796	 0.500572
366.825565	 365.772596	 366.495675	 0.504577
366.989470	 365.939117	 366.651869	 0.508581
366.448692	 365.402384	 366.104609	 0.512586
365.944437	 364.898397	 365.605003	 0.516590
366.180449	 365.130319	 365.850202	 0.520595
366.817451	 365.764550	 366.488791	 0.524600
366.977825	 365.927472	 366.641319	 0.528604
366.439170	 365.392907	 366.096026	 0.532609
365.939564	 364.893569	 365.600399	 0.536613
366.176135	 365.126117	 365.846089	 0.540618
366.814612	 365.761979	 366.486265	 0.544622
366.978428	 365.928388	 366.641878	 0.548627
366.437829	 365.391678	 366.094126	 0.552632
365.937686	 364.891669	 365.598409	 0.556636
366.176515	 365.126139	 365.846603	 0.560641
366.815104	 365.761912	 366.486466	 0.564645
366.979211	 365.928612	 366.641923	 0.568650
366.435192	 365.388817	 366.091466	 0.572654
365.943811	 364.897391	 365.603975	 0.576659
366.184450	 365.133694	 365.853107	 0.580664
366.819731	 365.766338	 366.489663	 0.584668
366.982094	 365.931249	 366.643622	 0.588673
366.438388	 365.391499	 366.093053	 0.592677
365.941196	 364.894598	 365.600086	 0.596682
366.184003	 365.133314	 365.852124	 0.600686
366.820781	 365.767500	 366.490736	 0.604691
366.980731	 365.929953	 366.642236	 0.608696
366.440109	 365.393332	 366.094573	 0.612700
365.947208	 364.900789	 365.606098	 0.616705
366.189747	 365.139483	 365.858114	 0.620709
366.825185	 365.772261	 366.495295	 0.624714
366.976283	 365.926108	 366.638995	 0.628719
366.432979	 365.386738	 366.088874	 0.632723
365.944593	 364.898554	 365.604779	 0.636728
366.191110	 365.140780	 365.860148	 0.640732
366.826861	 365.773848	 366.497687	 0.644737
366.981446	 365.931249	 366.644985	 0.648741
366.438790	 365.392684	 366.095467	 0.652746
365.952193	 364.906399	 365.612960	 0.656751
366.203605	 365.153922	 365.873291	 0.660755
366.837836	 365.785672	 366.509533	 0.664760
366.987145	 365.937284	 366.650193	 0.668764
366.438254	 365.392125	 366.093880	 0.672769
365.947923	 364.901929	 365.608132	 0.676773
366.198576	 365.148647	 365.868240	 0.680778
366.832874	 365.780420	 366.504683	 0.684783
366.980999	 365.931249	 366.645231	 0.688787
366.429067	 365.383430	 366.086907	 0.692792
365.941106	 364.895648	 365.603662	 0.696796
366.196296	 365.146748	 365.867792	 0.700801
366.835847	 365.783370	 366.507835	 0.704805
366.980529	 365.930757	 366.644717	 0.708810
366.428799	 365.382961	 366.086571	 0.712815
365.945487	 364.899560	 365.607529	 0.716819
366.199358	 365.149318	 365.870497	 0.720824
366.835779	 365.783236	 366.507812	 0.724828
366.981982	 365.932076	 366.645231	 0.728833
366.428352	 365.382402	 366.084716	 0.732838
365.947432	 364.901482	 365.608400	 0.736842
366.206511	 365.156180	 365.876756	 0.740847
366.837121	 365.784152	 366.508975	 0.744851
366.976864	 365.926376	 366.640515	 0.748856
366.426988	 365.380234	 366.083241	 0.752860
365.946627	 364.899940	 365.607193	 0.756865
366.208165	 365.157454	 365.877873	 0.760870
366.844497	 365.791282	 366.515434	 0.764874
366.981222	 365.930601	 366.644002	 0.768879
366.423256	 365.376367	 366.079285	 0.772883
365.942559	 364.895536	 365.602902	 0.776888
366.202912	 365.151732	 365.872889	 0.780892
366.839199	 365.785426	 366.509489	 0.784897
366.975187	 365.923940	 366.636894	 0.788902
366.420171	 365.372634	 366.074837	 0.792906
365.941106	 364.893569	 365.600331	 0.796911
366.207673	 365.156158	 365.876241	 0.800915
366.841792	 365.787952	 366.512171	 0.804920
366.971790	 365.920856	 366.634547	 0.808924
366.415500	 365.368700	 366.071774	 0.812929
365.940391	 364.893726	 365.601650	 0.816934
366.205438	 365.154705	 365.875861	 0.820938
366.839736	 365.786633	 366.511120	 0.824943
366.968370	 365.918106	 366.632043	 0.828947
366.410426	 365.364230	 366.067617	 0.832952
365.934378	 364.888227	 365.596263	 0.836957
366.208545	 365.157901	 365.879371	 0.840961
366.846911	 365.793607	 366.518027	 0.844966
366.973444	 365.923091	 366.636044	 0.848970
366.415656	 365.369214	 366.070925	 0.852975
365.943766	 364.897235	 365.603595	 0.856979
366.217418	 365.166708	 365.886479	 0.860984
366.852521	 365.799307	 366.522520	 0.864989
366.979211	 365.928768	 366.640917	 0.868993
366.412996	 365.366622	 366.069137	 0.872998
365.939899	 364.893323	 365.600331	 0.877002
366.213641	 365.162617	 365.882746	 0.881007
366.846553	 365.793071	 366.517066	 0.885011
366.968862	 365.918285	 366.631686	 0.889016
366.407229	 365.360363	 366.063460	 0.893021
365.940860	 364.893860	 365.601471	 0.897025
366.219363	 365.168093	 365.888691	 0.901030
366.847827	 365.794121	 366.518184	 0.905034
366.964950	 365.914239	 366.627551	 0.909039
366.402983	 365.356139	 366.059079	 0.913043
365.936993	 364.889881	 365.597850	 0.917048
366.216569	 365.165210	 365.886076	 0.921053
366.845637	 365.791774	 366.516194	 0.925057
366.962424	 365.911512	 366.625025	 0.929062
366.397775	 365.350707	 366.053781	 0.933066
365.935205	 364.888205	 365.595928	 0.937071
366.220101	 365.168988	 365.889652	 0.941076
366.847112	 365.793763	 366.517759	 0.945080
366.959630	 365.909322	 366.622589	 0.949085
366.399205	 365.353009	 366.056575	 0.953089
365.941956	 364.895805	 365.604221	 0.957094
366.230271	 365.179985	 365.900873	 0.961098
366.861685	 365.809141	 366.533070	 0.965103
366.975411	 365.925639	 366.638458	 0.969108
366.412527	 365.366532	 366.068757	 0.973112
365.956104	 364.909953	 365.617162	 0.977117
366.246498	 365.196033	 365.916318	 0.981121
366.875521	 365.822508	 366.545654	 0.985126
366.984106	 365.933797	 366.646326	 0.989130
366.419568	 365.373148	 366.075708	 0.993135
365.966610	 364.919676	 365.626416	 0.997140
366.257517	 365.206024	 365.925549	 1.001144
366.877667	 365.823916	 366.547286	 1.005149
366.979077	 365.928321	 366.640850	 1.009153
366.411499	 365.364632	 366.066745	 1.013158
365.956730	 364.909707	 365.616425	 1.017162
366.248845	 365.197710	 365.917056	 1.021167
366.874761	 365.821390	 366.543508	 1.025172
366.976931	 365.926555	 366.638168	 1.029176
366.407922	 365.361324	 366.063102	 1.033181
365.958988	 364.912166	 365.618727	 1.037185
366.252868	 365.201822	 365.921481	 1.041190
366.877153	 365.823983	 366.546861	 1.045195
366.976283	 365.926108	 366.638436	 1.049199
366.407431	 365.361280	 366.064220	 1.053204
365.957512	 364.911317	 365.619241	 1.057208
366.250030	 365.199609	 365.920341	 1.061213
366.880684	 365.827895	 366.551286	 1.065217
366.982832	 365.932858	 366.645052	 1.069222
366.412907	 365.366957	 366.069182	 1.073227
365.963681	 364.917821	 365.625008	 1.077231
366.260468	 365.210651	 365.931540	 1.081236
366.883970	 365.831985	 366.556517	 1.085240
366.982273	 365.933372	 366.646661	 1.089245
366.413376	 365.368365	 366.071707	 1.093249
365.966319	 364.920973	 365.629210	 1.097254
366.269163	 365.219525	 365.940480	 1.101259
366.897247	 365.845485	 366.569302	 1.105263
366.994589	 365.945577	 366.658128	 1.109268
366.424552	 365.379362	 366.081721	 1.113272
365.977875	 364.932506	 365.639916	 1.117277
366.278305	 365.228622	 365.948885	 1.121281
366.904779	 365.852571	 366.575672	 1.125286
366.997137	 365.947745	 366.659961	 1.129291
366.422675	 365.376971	 366.079553	 1.133295
365.979350	 364.933400	 365.641347	 1.137300
366.280652	 365.230656	 365.952036	 1.141304
366.904086	 365.851878	 366.576186	 1.145309
366.998299	 365.948907	 366.661548	 1.149314
366.425044	 365.379541	 366.081676	 1.153318
365.982658	 364.936909	 365.643783	 1.157323
366.287402	 365.237429	 365.957557	 1.161327
366.914949	 365.862562	 366.585261	 1.165332
367.004334	 365.954495	 366.665660	 1.169336
366.425089	 365.379072	 366.080559	 1.173341
365.977964	 364.931545	 365.638821	 1.177346
366.282507	 365.231751	 365.952237	 1.181350
366.909898	 365.856751	 366.579897	 1.185355
366.998053	 365.947834	 366.659782	 1.189359
366.420573	 365.374288	 366.076491	 1.193364
365.977495	 364.931053	 365.638642	 1.197368
366.285569	 365.234903	 365.955814	 1.201373
366.911485	 365.858539	 366.581618	 1.205378
366.997338	 365.947119	 366.658664	 1.209382
366.418137	 365.371673	 366.073809	 1.213387
365.975461	 364.928751	 365.636474	 1.217391
366.280361	 365.229673	 365.950405	 1.221396
366.901203	 365.848592	 366.572565	 1.225400
366.987190	 365.937552	 366.650171	 1.229405
366.409822	 365.364007	 366.066589	 1.233410
365.968509	 364.922180	 365.630283	 1.237414
366.279534	 365.228846	 365.949555	 1.241419
366.905875	 365.852973	 366.575851	 1.245423
366.991549	 365.941509	 366.652875	 1.249428
366.416483	 365.370265	 366.071484	 1.253432
365.979059	 364.932528	 365.639179	 1.257437
366.290285	 365.239351	 365.959412	 1.261442
366.909116	 365.856013	 366.578913	 1.265446
366.990476	 365.940302	 366.651802	 1.269451
366.408839	 365.362621	 366.064398	 1.273455
365.968532	 364.922381	 365.629657	 1.277460
366.281367	 365.230991	 365.951254	 1.281465
366.904600	 365.851923	 366.574756	 1.285469
366.983927	 365.934244	 366.645499	 1.289474
366.401798	 365.355803	 366.057425	 1.293478
365.963525	 364.917016	 365.624985	 1.297483
366.275757	 365.224979	 365.946426	 1.301487
366.900845	 365.847922	 366.571627	 1.305492
366.979300	 365.929237	 366.641431	 1.309497
366.397484	 365.351087	 366.053781	 1.313501
365.964196	 364.917352	 365.625701	 1.317506
366.283758	 365.232466	 365.953646	 1.321510
366.907797	 365.854292	 366.577863	 1.325515
366.985179	 365.934669	 366.646728	 1.329519
366.401753	 365.355088	 366.057715	 1.333524
365.970320	 364.923297	 365.631445	 1.337529
366.286865	 365.235640	 365.956663	 1.341533
366.905316	 365.851811	 366.575650	 1.345538
366.979591	 365.929193	 366.642258	 1.349542
366.398624	 365.352004	 366.055413	 1.353547
365.969806	 364.922828	 365.631535	 1.357551
366.286843	 365.235551	 365.957267	 1.361556
366.909674	 365.856237	 366.579897	 1.365561
366.985447	 365.934937	 366.646483	 1.369565
366.406000	 365.359402	 366.061090	 1.373570
365.976601	 364.929891	 365.637480	 1.377574
366.298220	 365.247442	 365.967548	 1.381579
366.916894	 365.864350	 366.587094	 1.385584
366.984933	 365.935541	 366.647086	 1.389588
366.404078	 365.358128	 366.059883	 1.393593
365.976556	 364.930114	 365.637771	 1.397597
366.298086	 365.247487	 365.968554	 1.401602
366.918526	 365.865736	 366.589173	 1.405606
366.994052	 365.944101	 366.655446	 1.409611
366.412035	 365.365683	 366.067014	 1.413616
365.984871	 364.937893	 365.644901	 1.417620
366.307228	 365.255891	 365.975930	 1.421625
366.927936	 365.874565	 366.597666	 1.425629
366.990878	 365.940704	 366.652987	 1.429634
366.405598	 365.359044	 366.061247	 1.433638
365.979954	 364.932864	 365.640162	 1.437643
366.306401	 365.254930	 365.975438	 1.441648
366.921364	 365.867770	 366.591184	 1.445652
366.987458	 365.936926	 366.648740	 1.449657
366.399451	 365.352674	 366.054810	 1.453661
365.973784	 364.926538	 365.634485	 1.457666
366.295918	 365.244358	 365.965715	 1.461670
366.913385	 365.859701	 366.583249	 1.465675
366.979479	 365.928857	 366.640895	 1.469680
366.392813	 365.345946	 366.048372	 1.473684
365.969962	 364.922604	 365.630372	 1.477689
366.302489	 365.250951	 365.971013	 1.481693
366.921320	 365.867748	 366.589843	 1.485698
366.986117	 365.935675	 366.646550	 1.489703
366.396948	 365.350171	 366.051904	 1.493707
365.971303	 364.924057	 365.632049	 1.497712
366.302444	 365.251085	 365.972086	 1.501716
366.919509	 365.866362	 366.589843	 1.505721
366.980708	 365.930690	 366.642638	 1.509725
366.396434	 365.350081	 366.051926	 1.513730
365.972689	 364.926046	 365.633971	 1.517735
366.305529	 365.254416	 365.975930	 1.521739
366.924784	 365.871570	 366.595185	 1.525744
366.983189	 365.932948	 366.644806	 1.529748
366.394310	 365.347645	 366.049602	 1.533753
365.976422	 364.929109	 365.636854	 1.537757
366.308815	 365.257120	 365.977718	 1.541762
366.926773	 365.873000	 366.595655	 1.545767
366.983457	 365.932814	 366.644002	 1.549771
366.392187	 365.345298	 366.047009	 1.553776
365.974544	 364.927298	 365.634887	 1.557780
366.308368	 365.256651	 365.977115	 1.561785
366.924829	 365.871123	 366.593576	 1.565789
366.981602	 365.930959	 366.641856	 1.569794
366.390689	 365.343733	 366.044952	 1.573799
365.972890	 364.925510	 365.632339	 1.577803
366.306647	 365.254997	 365.974790	 1.581808
366.922638	 365.869022	 366.590827	 1.585812
366.978361	 365.927986	 366.638101	 1.589817
366.388655	 365.341923	 366.042538	 1.593822
365.970074	 364.922828	 365.629299	 1.597826
366.302355	 365.250638	 365.970566	 1.601831
366.918168	 365.864373	 366.586803	 1.605835
366.970918	 365.920386	 366.631865	 1.609840
366.377770	 365.331082	 366.033531	 1.613844
365.962340	 364.915094	 365.623287	 1.617849
366.296924	 365.245475	 365.966453	 1.621854
366.913586	 365.860260	 366.583294	 1.625858
366.965777	 365.915581	 366.627327	 1.629863
366.380452	 365.333787	 366.035453	 1.633867
365.969985	 364.923051	 365.630439	 1.637872
366.308792	 365.257545	 365.978054	 1.641876
366.923264	 365.870229	 366.592749	 1.645881
366.976439	 365.926622	 366.637654	 1.649886
366.387113	 365.340872	 366.042784	 1.653890
365.972309	 364.925644	 365.633792	 1.657895
366.309530	 365.258596	 365.979752	 1.661899
366.924650	 365.871771	 366.594537	 1.665904
366.970315	 365.920610	 366.631730	 1.669908
366.378060	 365.331999	 366.033777	 1.673913
365.964419	 364.917709	 365.625634	 1.677918
366.301349	 365.250393	 365.971080	 1.681922
366.915508	 365.862406	 366.584702	 1.685927
366.963721	 365.913792	 366.624466	 1.689931
366.369164	 365.323103	 366.024612	 1.693936
365.957848	 364.911160	 365.618347	 1.697941
366.302892	 365.251913	 365.971683	 1.701945
366.919107	 365.866205	 366.587787	 1.705950
366.965889	 365.916095	 366.626612	 1.709954
366.374641	 365.328624	 366.029977	 1.713959
365.968800	 364.922247	 365.629612	 1.717963
366.311005	 365.260205	 365.980959	 1.721968
366.923845	 365.871011	 366.594135	 1.725973
366.969309	 365.919693	 366.631149	 1.729977
366.376049	 365.330099	 366.032704	 1.733982
365.967235	 364.920570	 365.629612	 1.737986
366.312659	 365.261256	 365.983642	 1.741991
366.923555	 365.870229	 366.594738	 1.745995
366.965956	 365.915983	 366.628847	 1.750000
366.371802	 365.325450	 366.028971	 1.754005
365.966632	 364.919475	 365.629098	 1.758009
366.313330	 365.261479	 365.984111	 1.762014
366.927109	 365.873291	 366.597532	 1.766018
366.972505	 365.921928	 366.633787	 1.770023
366.381950	 365.334882	 366.036570	 1.774027
365.972466	 364.924772	 365.632853	 1.778032
366.318828	 365.267022	 365.988425	 1.782037
366.927958	 365.874520	 366.598337	 1.786041
366.970091	 365.919894	 366.632088	 1.790046
366.378150	 365.331440	 366.033620	 1.794050
365.974388	 364.927231	 365.635424	 1.798055
366.320572	 365.269213	 365.991152	 1.802059
366.936407	 365.883260	 366.606741	 1.806064
366.977802	 365.928120	 366.639241	 1.810069
366.380899	 365.335173	 366.037330	 1.814073
365.978389	 364.932305	 365.641056	 1.818078
366.335860	 365.285328	 366.006642	 1.822082
366.949103	 365.896760	 366.619459	 1.826087
366.983547	 365.934602	 366.645499	 1.830092
366.385884	 365.340738	 366.042293	 1.834096
365.987017	 364.941380	 365.649237	 1.838101
366.339906	 365.289933	 366.010665	 1.842105
366.952366	 365.900582	 366.622745	 1.846110
366.987034	 365.938513	 366.648852	 1.850114
366.391583	 365.346617	 366.047769	 1.854119
365.989520	 364.943727	 365.651830	 1.858124
366.345293	 365.295208	 366.016610	 1.862128
366.959630	 365.907467	 366.630345	 1.866133
366.991012	 365.941821	 366.653099	 1.870137
366.390220	 365.344516	 366.046964	 1.874142
365.992627	 364.946252	 365.654937	 1.878146
366.350121	 365.299186	 366.020880	 1.882151
366.958401	 365.905656	 366.628959	 1.886156
366.987704	 365.938268	 366.649835	 1.890160
366.387783	 365.341901	 366.044550	 1.894165
365.990794	 364.944062	 365.653417	 1.898169
366.344756	 365.293621	 366.016409	 1.902174
366.955674	 365.902661	 366.626813	 1.906178
366.986184	 365.936502	 366.648517	 1.910183
366.387180	 365.340984	 366.043567	 1.914188
365.990705	 364.943883	 365.653238	 1.918192
366.346902	 365.295945	 366.018019	 1.922197
366.957775	 365.904986	 366.628042	 1.926201
366.988084	 365.938513	 366.649321	 1.930206
366.389907	 365.343979	 366.045578	 1.934211
365.998438	 364.951706	 365.659631	 1.938215
366.359061	 365.308015	 366.028636	 1.942220
366.968795	 365.916028	 366.638101	 1.946224
366.994097	 365.944660	 366.654887	 1.950229
366.394668	 365.348852	 366.050227	 1.954233
366.001188	 364.954903	 365.663028	 1.958238
366.362414	 365.311882	 366.033173	 1.962243
366.974293	 365.922174	 366.645030	 1.966247
366.999774	 365.951232	 366.662173	 1.970252
366.396769	 365.351914	 366.054318	 1.974256
366.004451	 364.958881	 365.668258	 1.978261
366.369947	 365.319750	 366.041555	 1.982265
366.981222	 365.929215	 366.651780	 1.986270
367.001451	 365.952796	 366.663626	 1.990275
366.398490	 365.353233	 366.054966	 1.994279
366.008005	 364.961787	 365.670002	 1.998284
366.373009	 365.322142	 366.043164	 2.002288
366.979345	 365.926667	 366.648852	 2.006293
366.997874	 365.948438	 366.658508	 2.010297
366.394824	 365.348874	 366.050049	 2.014302
366.006507	 364.959820	 365.667722	 2.018307
366.372607	 365.321315	 366.041890	 2.022311
366.980663	 365.927717	 366.649142	 2.026316
366.996533	 365.946873	 366.656720	 2.030320
366.390913	 365.344628	 366.046048	 2.034325
366.004473	 364.957361	 365.665532	 2.038330
366.366259	 365.314922	 366.036526	 2.042334
366.973176	 365.920028	 366.642638	 2.046339
366.992398	 365.942626	 366.652719	 2.050343
366.387672	 365.341543	 366.042985	 2.054348
366.002976	 364.956042	 365.664481	 2.058352
366.366750	 365.315973	 366.037755	 2.062357
366.971365	 365.919000	 366.642482	 2.066362
366.986698	 365.937709	 366.649075	 2.070366
366.380966	 365.335687	 366.038605	 2.074371
365.996762	 364.951080	 365.660793	 2.078375
366.368784	 365.318901	 366.041376	 2.082380
366.975388	 365.923694	 366.647734	 2.086384
366.990588	 365.942470	 366.655043	 2.090389
366.387225	 365.343018	 366.046606	 2.094394
366.004943	 364.960178	 365.670471	 2.098398
366.382665	 365.333452	 366.056531	 2.102403
366.994946	 365.943945	 366.668499	 2.106407
367.009162	 365.961379	 366.674422	 2.110412
366.406715	 365.362308	 366.066209	 2.114416
366.034671	 364.989369	 365.699573	 2.118421
366.419031	 365.369729	 366.091869	 2.122426
367.032162	 365.981920	 366.702965	 2.126430
367.051921	 366.004205	 366.713247	 2.130435
366.457431	 365.412912	 366.112723	 2.134439
366.096987	 365.051596	 365.756391	 2.138444
366.490579	 365.440069	 366.158008	 2.142449
367.106437	 366.054228	 366.773575	 2.146453
367.123044	 366.074300	 366.781442	 2.150458
366.526297	 365.481085	 366.180002	 2.154462
366.164802	 365.117981	 365.824788	 2.158467
366.556629	 365.504644	 366.225309	 2.162471
367.175504	 366.121306	 366.843424	 2.166476
367.195285	 366.143881	 366.853974	 2.170481
366.602695	 365.554399	 366.255886	 2.174485
366.249583	 365.200392	 365.908070	 2.178490
366.653277	 365.599504	 366.318962	 2.182494
367.276221	 366.221688	 366.941034	 2.186499
367.295510	 366.246275	 366.951316	 2.190503
366.700931	 365.655898	 366.351283	 2.194508
366.353272	 365.307322	 366.009011	 2.198513
366.761929	 365.711286	 366.425714	 2.202517
367.379441	 366.327009	 367.041818	 2.206522
367.386795	 366.336866	 367.039113	 2.210526
366.790875	 365.743584	 366.437226	 2.214531
366.449877	 365.399434	 366.099267	 2.218535
366.859271	 365.800357	 366.512953	 2.222540
367.465361	 366.398624	 367.111242	 2.226545
367.469206	 366.403966	 367.104380	 2.230549
366.897783	 365.830309	 366.524911	 2.234554
366.591833	 365.519239	 366.222604	 2.238558
367.025322	 365.944928	 366.662151	 2.242563
367.635614	 366.554840	 367.271951	 2.246568
367.649472	 366.573035	 367.280825	 2.250572
367.096580	 366.024523	 366.726614	 2.254577
366.803548	 365.732430	 366.439975	 2.258581
367.221682	 366.147234	 366.866200	 2.262586
367.805309	 366.730190	 367.451570	 2.266590
367.807767	 366.732000	 367.446474	 2.270595
367.261290	 366.183332	 366.894565	 2.274600
366.976953	 365.895576	 366.615861	 2.278604
367.390393	 366.302020	 367.037459	 2.282609
367.970801	 366.875074	 367.617621	 2.286613
367.982223	 366.884752	 367.620169	 2.290618
367.471284	 366.379044	 367.106951	 2.294622
367.233864	 366.139456	 366.875901	 2.298627
367.684341	 366.588837	 367.334536	 2.302632
368.280552	 367.186031	 367.929607	 2.306636
368.294745	 367.205947	 367.936871	 2.310641
367.774419	 366.693824	 367.413952	 2.314645
367.511406	 366.436175	 367.158963	 2.318650
367.924734	 366.852521	 367.581881	 2.322654
368.477403	 367.411493	 368.135645	 2.326659
368.449419	 367.391466	 368.101291	 2.330664
367.905042	 366.851537	 367.552913	 2.334668
367.625735	 366.572744	 367.279283	 2.338673
368.016086	 366.960100	 367.676406	 2.342677
368.542872	 367.485925	 368.201158	 2.346682
368.496805	 367.444440	 368.146955	 2.350686
367.940604	 366.892329	 367.586753	 2.354691
367.651082	 366.601556	 367.304093	 2.358696
368.033185	 366.979702	 367.694511	 2.362700
368.546023	 367.491714	 368.206523	 2.366705
368.488557	 367.436416	 368.141390	 2.370709
367.931462	 366.879857	 367.580160	 2.374714
367.649472	 366.596012	 367.304585	 2.378719
368.027507	 366.970091	 367.690443	 2.382723
368.528589	 367.469966	 368.190720	 2.386728
368.461467	 367.405995	 368.115663	 2.390732
367.898046	 366.845637	 367.547593	 2.394737
367.608390	 366.555265	 367.263860	 2.398741
367.976903	 366.920202	 367.639414	 2.402746
368.453733	 367.396674	 368.115864	 2.406751
368.365622	 367.312252	 368.021003	 2.410755
367.790780	 366.740427	 367.442942	 2.414760
367.496922	 366.446010	 367.155454	 2.418764
367.857522	 366.803504	 367.523006	 2.422769
368.332586	 367.277808	 367.995924	 2.426773
368.238709	 367.187194	 367.896012	 2.430778
367.663263	 366.614810	 367.318287	 2.434783
367.370634	 366.321779	 367.032542	 2.438787
367.720439	 366.668812	 367.390192	 2.442792
368.179320	 367.127269	 367.848559	 2.446796
368.078335	 367.029793	 367.740444	 2.450801
367.498911	 366.453162	 367.157510	 2.454805
367.199465	 366.152733	 366.864792	 2.458810
367.551661	 366.500973	 367.224521	 2.462815
368.008397	 366.957082	 367.680094	 2.466819
367.903880	 366.857975	 367.568693	 2.470824
367.331116	 366.292207	 366.993493	 2.474828
367.049663	 366.014353	 366.719573	 2.478833
367.417573	 366.382732	 367.095663	 2.482838
367.889351	 366.856164	 367.567196	 2.486842
367.803878	 366.773642	 367.475509	 2.490847
367.251835	 366.224347	 366.920403	 2.494851
366.993337	 365.962877	 366.667046	 2.498856
367.375060	 366.338498	 367.055430	 2.502860
367.848246	 366.807415	 367.527611	 2.506865
367.766528	 366.724870	 367.437511	 2.510870
367.217301	 366.176112	 366.883523	 2.514874
366.950913	 365.907422	 366.622298	 2.518879
367.318689	 366.271107	 366.996578	 2.522883
367.777861	 366.728938	 367.453582	 2.526888
367.680273	 366.634726	 367.347724	 2.530892
367.128654	 366.084739	 366.791299	 2.534897
366.872503	 365.824743	 366.538859	 2.538902
367.248706	 366.195491	 366.919911	 2.542906
367.709979	 366.655982	 367.379352	 2.546911
367.617353	 366.567715	 367.279842	 2.550915
367.071389	 366.024501	 366.730302	 2.554920
366.816490	 365.766897	 366.480588	 2.558924
367.193229	 366.138785	 366.863429	 2.562929
367.661498	 366.606249	 367.329954	 2.566934
367.570235	 366.518809	 367.232165	 2.570938
367.019734	 365.972376	 366.679563	 2.574943
366.770199	 365.722461	 366.435549	 2.578947
367.146424	 366.096518	 366.819262	 2.582952
367.606401	 366.558171	 367.278836	 2.586957
367.511942	 366.466842	 367.177269	 2.590961
366.977355	 365.935183	 366.639889	 2.594966
366.739645	 365.696802	 366.409241	 2.598970
367.122798	 366.077318	 366.800575	 2.602975
367.592095	 366.547330	 367.269202	 2.606979
367.512635	 366.471334	 367.181114	 2.610984
366.977825	 365.940167	 366.643353	 2.614989
366.742148	 365.705429	 366.416036	 2.618993
367.129414	 366.093120	 366.813830	 2.622998
367.597169	 366.563580	 367.282814	 2.627002
367.508656	 366.483069	 367.191642	 2.631007
366.972058	 365.950583	 366.652897	 2.635011
366.738304	 365.711196	 366.420529	 2.639016
367.125525	 366.090259	 366.810276	 2.643021
367.593101	 366.551018	 367.269873	 2.647025
367.503873	 366.460047	 367.167904	 2.651030
366.962000	 365.918956	 366.620622	 2.655034
366.719215	 365.673913	 366.382508	 2.659039
367.095104	 366.045958	 366.765193	 2.663043
367.553919	 366.505510	 367.223582	 2.667048
367.458812	 366.413868	 367.121010	 2.671053
366.917497	 365.874587	 366.575695	 2.675057
366.672142	 365.627958	 366.336687	 2.679062
367.049484	 366.000987	 366.721204	 2.683066
367.505013	 366.454950	 367.175459	 2.687071
367.404877	 366.357586	 367.067612	 2.691076
366.859785	 365.814484	 366.518541	 2.695080
366.617112	 365.569844	 366.281993	 2.699085
367.000624	 365.949399	 366.672276	 2.703089
367.457136	 366.405441	 367.127693	 2.707094
367.359034	 366.310603	 367.021567	 2.711098
366.816199	 365.770004	 366.475447	 2.715103
366.575248	 365.526951	 366.240731	 2.719108
366.960100	 365.908093	 366.632736	 2.723112
367.419920	 366.367890	 367.090656	 2.727117
367.324478	 366.276069	 366.987414	 2.731121
366.778291	 365.732989	 366.438142	 2.735126
366.541206	 365.495032	 366.207159	 2.739130
366.929925	 365.880153	 366.602338	 2.743135
367.392561	 366.342231	 367.063588	 2.747140
367.290950	 366.244710	 366.955182	 2.751144
366.744629	 365.701294	 366.405173	 2.755149
366.500839	 365.457102	 366.168625	 2.759153
366.888284	 365.841261	 366.562999	 2.763158
367.351792	 366.302824	 367.022685	 2.767162
367.254025	 366.205371	 366.914078	 2.771167
366.707749	 365.658915	 366.361565	 2.775172
366.469121	 365.416868	 366.126469	 2.779176
366.858578	 365.802123	 366.521872	 2.783181
367.323807	 366.263105	 366.981669	 2.787185
367.222688	 366.162254	 366.870067	 2.791190
366.679183	 365.620381	 366.321175	 2.795195
366.442098	 365.384458	 366.090729	 2.799199
366.832717	 365.771613	 366.488590	 2.803204
367.295689	 366.233534	 366.950578	 2.807208
367.194816	 366.136550	 366.843088	 2.811213
366.647466	 365.592598	 366.293169	 2.815217
366.410359	 365.353792	 366.062186	 2.819222
366.801559	 365.741103	 366.460315	 2.823227
367.270431	 366.209059	 366.927578	 2.827231
367.168396	 366.110488	 366.818814	 2.831236
366.618565	 365.564300	 366.266950	 2.835240
366.383537	 365.329361	 366.039096	 2.839245
366.781778	 365.725769	 366.445652	 2.843249
367.252640	 366.197727	 366.916223	 2.847254
367.157443	 366.105727	 366.813450	 2.851259
366.612307	 365.563473	 366.265788	 2.855263
366.380676	 365.331485	 366.041600	 2.859268
366.782739	 365.730888	 366.451441	 2.863272
367.256216	 366.204700	 366.923756	 2.867277
367.163702	 366.115785	 366.823799	 2.871281
366.621292	 365.576460	 366.278014	 2.875286
366.392634	 365.347734	 366.055614	 2.879291
366.800933	 365.752614	 366.471200	 2.883295
367.282300	 366.233668	 366.950936	 2.887300
367.194212	 366.150006	 366.854622	 2.891304
366.658552	 365.617431	 366.315118	 2.895309
366.437315	 365.394941	 366.099871	 2.899314
366.855248	 365.809253	 366.525247	 2.903318
367.353424	 366.307027	 367.022014	 2.907323
367.281361	 366.238295	 366.943113	 2.911327
366.766221	 365.724317	 366.424083	 2.915332
366.570777	 365.524984	 366.233713	 2.919336
367.017097	 365.965425	 366.685397	 2.923341
367.529891	 366.474128	 367.194413	 2.927346
367.465495	 366.407073	 367.120295	 2.931350
366.945147	 365.892178	 366.597979	 2.935355
366.743288	 365.690565	 366.403474	 2.939359
367.180309	 366.122848	 366.847671	 2.943364
367.680832	 366.621538	 367.346964	 2.947368
367.595314	 366.538926	 367.255277	 2.951373
367.060213	 366.005747	 366.718589	 2.955378
366.847872	 365.793987	 366.513825	 2.959382
367.275081	 366.218380	 366.947784	 2.963387
367.760091	 366.703770	 367.431766	 2.967391
367.666460	 366.613871	 367.329865	 2.971396
367.125771	 366.074770	 366.783633	 2.975400
366.907417	 365.855633	 366.569615	 2.979405
367.329999	 366.273432	 366.996421	 2.983410
367.835528	 366.774715	 367.496497	 2.987414
367.759085	 366.699702	 367.409482	 2.991419
367.225303	 366.166322	 366.870581	 2.995423
367.014817	 365.951969	 366.663157	 2.999428
367.453850	 366.381346	 367.104269	 3.003432
367.963559	 366.887054	 367.609507	 3.007437
367.886401	 366.807996	 367.520279	 3.011442
367.359995	 366.281032	 366.986453	 3.015446
367.159455	 366.081296	 366.794071	 3.019451
367.605328	 366.529471	 367.250673	 3.023455
368.115149	 367.043114	 367.761678	 3.027460
368.029676	 366.963855	 367.669701	 3.031465
367.482751	 366.422227	 367.121301	 3.035469
367.254226	 366.196005	 366.902611	 3.039474
367.676853	 366.618163	 367.336123	 3.043478
368.168435	 367.111198	 367.828085	 3.047483
368.064947	 367.013744	 367.719098	 3.051487
367.493792	 366.447954	 367.147117	 3.055492
367.249890	 366.205505	 366.912312	 3.059497
367.666929	 366.620063	 367.337509	 3.063501
368.165731	 367.119736	 367.832712	 3.067506
368.070691	 367.030508	 367.727569	 3.071510
367.500923	 366.463869	 367.152705	 3.075515
367.256775	 366.218357	 366.914614	 3.079519
367.674752	 366.630590	 367.339387	 3.083524
368.164188	 367.116808	 367.826878	 3.087529
368.047780	 367.001719	 367.701798	 3.091533
367.461941	 366.416908	 367.111868	 3.095538
367.203287	 366.156242	 366.859204	 3.099542
367.600321	 366.549409	 367.264017	 3.103547
368.070646	 367.019824	 367.730721	 3.107551
367.926187	 366.876482	 367.578751	 3.111556
367.311670	 366.263709	 366.960748	 3.115561
367.037370	 365.988470	 366.692929	 3.119565
367.441601	 366.389125	 367.104067	 3.123570
367.919593	 366.867206	 367.580249	 3.127574
367.784432	 366.736091	 367.437421	 3.131579
367.172866	 366.127810	 366.823866	 3.135584
366.901538	 365.855946	 366.560272	 3.139588
367.311089	 366.261898	 366.977221	 3.143593
367.800972	 366.750552	 367.464556	 3.147597
367.669254	 366.621113	 367.324366	 3.151602
367.054625	 366.008944	 366.706676	 3.155606
366.780213	 365.733146	 366.439125	 3.159611
367.190546	 366.139567	 366.857014	 3.163616
367.680653	 366.628199	 367.344595	 3.167620
367.549225	 366.499475	 367.204002	 3.171625
366.924605	 365.877136	 366.575404	 3.175629
366.635709	 365.586809	 366.293347	 3.179634
367.036543	 365.983820	 366.701915	 3.183638
367.520413	 366.466775	 367.183662	 3.187643
367.372735	 366.322516	 367.027960	 3.191648
366.731889	 365.684575	 366.385705	 3.195652
366.439170	 365.389867	 366.100832	 3.199657
366.850934	 365.796937	 366.519413	 3.203661
367.345355	 366.290196	 367.010548	 3.207666
367.205947	 366.154096	 366.861842	 3.211670
366.572856	 365.523509	 366.224593	 3.215675
366.287491	 365.236155	 365.946046	 3.219680
366.704038	 365.648254	 366.370260	 3.223684
367.205164	 366.149000	 366.869888	 3.227689
367.066517	 366.014688	 366.723909	 3.231693
366.436957	 365.388303	 366.090841	 3.235698
366.154498	 365.104458	 365.815355	 3.239703
366.577818	 365.523509	 366.246520	 3.243707
367.081783	 366.027116	 366.749323	 3.247712
366.944610	 365.894168	 366.604059	 3.251716
366.306155	 365.258842	 365.962251	 3.255721
366.019114	 364.970325	 365.682586	 3.259725
366.446345	 365.393153	 366.117640	 3.263730
366.962335	 365.908763	 366.631797	 3.267735
366.832449	 365.783102	 366.493708	 3.271739
366.199068	 365.153185	 365.856482	 3.275744
365.920297	 364.872805	 365.584417	 3.279748
366.362928	 365.310787	 366.034425	 3.283753
366.897940	 365.844837	 366.566866	 3.287757
366.775519	 365.726038	 366.435236	 3.291762
366.137779	 365.091472	 365.793965	 3.295767
365.859589	 364.811650	 365.522994	 3.299771
366.309463	 365.256718	 365.980870	 3.303776
366.852029	 365.798234	 366.521648	 3.307780
366.734258	 365.684016	 366.394869	 3.311785
366.096205	 365.048802	 365.752703	 3.315789
365.819937	 364.770724	 365.482650	 3.319794
366.277567	 365.223459	 365.947499	 3.323799
366.823799	 365.768640	 366.491965	 3.327803
366.706989	 365.655630	 366.365923	 3.331808
366.064376	 365.016504	 365.719623	 3.335812
365.784622	 364.735207	 365.446909	 3.339817
366.251639	 365.198090	 365.921839	 3.343822
366.816713	 365.762203	 366.483918	 3.347826
366.708017	 365.657105	 366.366326	 3.351831
366.072043	 365.024484	 365.726373	 3.355835
365.797072	 364.748350	 365.457727	 3.359840
366.264938	 365.212193	 365.933529	 3.363844
366.825118	 365.771591	 366.491473	 3.367849
366.715192	 365.665576	 366.372473	 3.371854
366.080670	 365.034542	 365.734286	 3.375858
365.811712	 364.764354	 365.471809	 3.379863
366.277813	 365.226141	 365.945219	 3.383867
366.827800	 365.774832	 366.493284	 3.387872
366.710856	 365.661106	 366.367041	 3.391876
366.075351	 365.028328	 365.727513	 3.395881
365.808493	 364.759593	 365.467316	 3.399886
366.277679	 365.224532	 365.944459	 3.403890
366.830817	 365.776731	 366.495072	 3.407895
366.713985	 365.663408	 366.369790	 3.411899
366.082973	 365.035168	 365.735001	 3.415904
365.818127	 364.768824	 365.477866	 3.419908
366.288430	 365.235015	 365.956216	 3.423913
366.842150	 365.788265	 366.507745	 3.427918
366.721786	 365.672014	 366.379379	 3.431922
366.090438	 365.043907	 365.745126	 3.435927
365.832723	 364.784761	 365.494764	 3.439931
366.304210	 365.252225	 365.974656	 3.443936
366.856880	 365.804112	 366.525291	 3.447941
366.741165	 365.692108	 366.400435	 3.451945
366.111896	 365.066102	 365.767232	 3.455950
365.854516	 364.807381	 365.517563	 3.459954
366.330161	 365.278712	 366.001076	 3.463959
366.882316	 365.829817	 366.550504	 3.467963
366.763852	 365.715085	 366.423144	 3.471968
366.131878	 365.086331	 365.788019	 3.475973
365.875638	 364.828615	 365.539378	 3.479977
366.356223	 365.304596	 366.027429	 3.483982
366.911060	 365.858606	 366.579718	 3.487986
366.790070	 365.741550	 366.450011	 3.491991
366.158678	 365.113376	 365.815936	 3.495995
365.909322	 364.862210	 365.574202	 3.500000
