366.763472	 365.691750	 366.371645	 0.000000
366.049087	 364.980495	 365.653283	 0.004005
365.844189	 364.769025	 365.461460	 0.008009
366.428911	 365.346729	 366.058743	 0.012014
366.996176	 365.916117	 366.619415	 0.016018
366.762019	 365.689738	 366.368494	 0.020023
366.032726	 364.963351	 365.635178	 0.024027
365.823603	 364.747992	 365.440315	 0.028032
366.406805	 365.325897	 366.037845	 0.032037
366.977020	 365.898057	 366.601578	 0.036041
366.750262	 365.677333	 366.358100	 0.040046
366.024165	 364.954120	 365.628428	 0.044050
365.811466	 364.738001	 365.431330	 0.048055
366.399406	 365.320354	 366.032480	 0.052059
366.969130	 365.889988	 366.594626	 0.056064
366.736515	 365.663073	 366.344421	 0.060069
366.010419	 364.940799	 365.614748	 0.064073
365.800469	 364.727809	 365.420691	 0.068078
366.395428	 365.317291	 366.028010	 0.072082
366.967811	 365.889384	 366.592660	 0.076087
366.730816	 365.657105	 366.337716	 0.080092
365.998461	 364.928170	 365.601717	 0.084096
365.793093	 364.720165	 365.412085	 0.088101
366.388186	 365.309871	 366.019874	 0.092105
366.954311	 365.875616	 366.578712	 0.096110
366.713851	 365.640095	 366.320549	 0.100114
365.979931	 364.909193	 365.582741	 0.104119
365.768551	 364.694505	 365.387565	 0.108124
366.353205	 365.272945	 365.985564	 0.112128
366.907797	 365.827179	 366.532802	 0.116133
366.655066	 365.579231	 366.262435	 0.120137
365.913614	 364.840529	 365.516758	 0.124142
365.698366	 364.622778	 365.317940	 0.128146
366.291403	 365.210986	 365.924164	 0.132151
366.849347	 365.767947	 366.473882	 0.136156
366.595319	 365.516781	 366.201817	 0.140160
365.865870	 364.791087	 365.468479	 0.144165
365.634485	 364.552973	 365.250683	 0.148169
366.196810	 365.108459	 365.827425	 0.152174
366.750329	 365.667007	 366.373523	 0.156178
366.520419	 365.447222	 366.126916	 0.160183
365.800380	 364.730089	 365.402496	 0.164188
365.595749	 364.520988	 365.214138	 0.168192
366.201526	 365.120909	 365.834466	 0.172197
366.779498	 365.699193	 366.405821	 0.176201
366.544067	 365.470356	 366.152353	 0.180206
365.811041	 364.740549	 365.415460	 0.184211
365.600622	 364.525593	 365.220844	 0.188215
366.194731	 365.115053	 365.827805	 0.192220
366.771049	 365.692130	 366.395629	 0.196224
366.543173	 365.468926	 366.149492	 0.200229
365.816965	 364.746048	 365.421026	 0.204233
365.611329	 364.537640	 365.232042	 0.208238
366.210467	 365.131660	 365.844033	 0.212243
366.781889	 365.703373	 366.407162	 0.216247
366.543016	 365.469775	 366.150274	 0.220252
365.812025	 364.742069	 365.415639	 0.224256
365.610479	 364.536835	 365.229851	 0.228261
366.207830	 365.128978	 365.840903	 0.232265
366.776525	 365.698277	 366.402089	 0.236270
366.543374	 365.470177	 366.150609	 0.240275
365.813165	 364.743030	 365.416846	 0.244279
365.612066	 364.538534	 365.231170	 0.248284
366.210713	 365.131571	 365.842557	 0.252288
366.780369	 365.701339	 366.404972	 0.256293
366.545319	 365.471362	 366.151369	 0.260297
365.821256	 364.750093	 365.423082	 0.264302
365.617609	 364.543250	 365.235193	 0.268307
366.213440	 365.134387	 365.844681	 0.272311
366.780928	 365.702658	 366.405911	 0.276316
366.543888	 365.470513	 366.152084	 0.280320
365.820541	 364.749959	 365.424557	 0.284325
365.618347	 364.544569	 365.238390	 0.288330
366.213306	 365.134052	 365.846670	 0.292334
366.782806	 365.704200	 366.408615	 0.296339
366.551219	 365.478447	 366.158432	 0.300343
365.827202	 364.757112	 365.430324	 0.304348
365.623778	 364.549732	 365.242480	 0.308352
366.221978	 365.142210	 365.853554	 0.312357
366.792775	 365.713409	 366.416885	 0.316362
366.554818	 365.480839	 366.161539	 0.320366
365.828140	 364.757201	 365.430838	 0.324371
365.625969	 364.551856	 365.244201	 0.328375
366.219832	 365.140668	 365.851610	 0.332380
366.785175	 365.706592	 366.410180	 0.336384
366.546660	 365.473374	 366.154319	 0.340389
365.820004	 364.749445	 365.423954	 0.344394
365.617699	 364.544033	 365.238189	 0.348398
366.215675	 365.137069	 365.849576	 0.352403
366.786762	 365.708670	 366.412639	 0.356407
366.554147	 365.481331	 366.162008	 0.360412
365.829593	 364.759660	 365.433722	 0.364416
365.625365	 364.552348	 365.245743	 0.368421
366.219140	 365.140936	 365.853733	 0.372426
366.790316	 365.712493	 366.417355	 0.376430
366.553388	 365.480861	 366.162232	 0.380435
365.827246	 364.757604	 365.432448	 0.384439
365.627019	 364.554091	 365.248381	 0.388444
366.223900	 365.145809	 365.858695	 0.392449
366.791054	 365.713163	 366.418361	 0.396453
366.551979	 365.479163	 366.161114	 0.400458
365.822620	 364.752843	 365.428067	 0.404462
365.620828	 364.547922	 365.242547	 0.408467
366.217888	 365.139774	 365.853219	 0.412471
366.786382	 365.708872	 366.413913	 0.416476
366.547554	 365.475542	 366.157270	 0.420481
365.821100	 364.751680	 365.427083	 0.424485
365.626327	 364.553152	 365.246995	 0.428490
366.226672	 365.148044	 365.859813	 0.432494
366.793736	 365.715510	 366.419724	 0.436499
366.555846	 365.482784	 366.163551	 0.440503
365.823201	 364.752999	 365.428268	 0.444508
365.621521	 364.547944	 365.242994	 0.448513
366.221934	 365.142992	 365.856415	 0.452517
366.791255	 365.712649	 366.418227	 0.456522
366.553298	 365.480012	 366.162411	 0.460526
365.827939	 364.757403	 365.433163	 0.464531
365.628115	 364.554248	 365.249119	 0.468535
366.227678	 365.148379	 365.861690	 0.472540
366.795390	 365.716449	 366.421646	 0.476545
366.553879	 365.480213	 366.162053	 0.480549
365.826732	 364.755927	 365.430995	 0.484554
365.626081	 364.551901	 365.246392	 0.488558
366.227276	 365.148022	 365.860126	 0.492563
366.796016	 365.717566	 366.421244	 0.496568
366.557388	 365.484371	 366.164870	 0.500572
365.826956	 364.756911	 365.431196	 0.504577
365.626952	 364.553532	 365.246883	 0.508581
366.225286	 365.146524	 365.858315	 0.512586
366.792842	 365.714437	 366.418405	 0.516590
366.548805	 365.475653	 366.156823	 0.520595
365.823558	 364.753290	 365.427508	 0.524600
365.628226	 364.554538	 365.247286	 0.528604
366.228863	 365.149899	 365.861020	 0.532609
366.794786	 365.716315	 366.419881	 0.536613
366.548738	 365.475497	 366.156331	 0.540618
365.819937	 364.749512	 365.424200	 0.544622
365.624069	 364.549978	 365.244022	 0.548627
366.225599	 365.146077	 365.858494	 0.552632
366.795457	 365.716315	 366.419836	 0.556636
366.553902	 365.480526	 366.160511	 0.560641
365.825391	 364.754966	 365.428380	 0.564645
365.629948	 364.556013	 365.248604	 0.568650
366.232439	 365.153185	 365.864060	 0.572654
366.796597	 365.718013	 366.421244	 0.576659
366.551152	 365.477933	 366.158544	 0.580664
365.823491	 364.753066	 365.427038	 0.584668
365.630663	 364.556505	 365.249163	 0.588673
366.232774	 365.153542	 365.864976	 0.592677
366.797804	 365.719220	 366.422540	 0.596682
366.554595	 365.481264	 366.161271	 0.600686
365.831247	 364.760889	 365.434549	 0.604691
365.638307	 364.564552	 365.257612	 0.608696
366.238988	 365.159935	 365.871436	 0.612700
366.803392	 365.724697	 366.428128	 0.616705
366.556785	 365.483477	 366.163931	 0.620709
365.829415	 364.758945	 365.433096	 0.624714
365.636072	 364.562205	 365.255757	 0.628719
366.238541	 365.159421	 365.871346	 0.632723
366.803302	 365.724607	 366.428128	 0.636728
366.558193	 365.484974	 366.165160	 0.640732
365.834712	 364.764399	 365.438281	 0.644737
365.641258	 364.567636	 365.260876	 0.648741
366.240351	 365.161477	 365.873671	 0.652746
366.804845	 365.726284	 366.430341	 0.656751
366.558104	 365.485064	 366.165808	 0.660755
365.830152	 364.760129	 365.434392	 0.664760
365.636139	 364.562674	 365.256539	 0.668764
366.239636	 365.160717	 365.872218	 0.672769
366.803638	 365.725010	 366.428441	 0.676773
366.551979	 365.478604	 366.159684	 0.680778
365.823536	 364.752977	 365.427776	 0.684783
365.631780	 364.557846	 365.252002	 0.688787
366.235389	 365.156024	 365.868307	 0.692792
366.799257	 365.720405	 366.424262	 0.696796
366.555243	 365.481733	 366.162008	 0.700801
365.826688	 364.756330	 365.430436	 0.704805
365.635983	 364.562093	 365.255377	 0.708810
366.238898	 365.159600	 365.871346	 0.712815
366.804755	 365.725837	 366.429358	 0.716819
366.560987	 365.487455	 366.167663	 0.720824
365.834667	 364.764153	 365.438058	 0.724828
365.645482	 364.571436	 365.264832	 0.728833
366.251907	 365.172609	 365.884534	 0.732838
366.812109	 365.733436	 366.437360	 0.736842
366.565256	 365.492060	 366.172916	 0.740847
365.842446	 364.771953	 365.446149	 0.744851
365.651606	 364.577382	 365.271023	 0.748856
366.250208	 365.170619	 365.883081	 0.752860
366.805895	 365.727111	 366.432509	 0.756865
366.560674	 365.486986	 366.169183	 0.760870
365.837774	 364.766857	 365.442349	 0.764874
365.646913	 364.572531	 365.267492	 0.768879
366.249694	 365.169926	 365.883439	 0.772883
366.810075	 365.730732	 366.435616	 0.776888
366.560205	 365.486338	 366.167753	 0.780892
365.834779	 364.763594	 365.438728	 0.784897
365.645728	 364.570900	 365.265256	 0.788902
366.249985	 365.170105	 365.882343	 0.792906
366.811237	 365.732073	 366.435750	 0.796911
366.564027	 365.490227	 366.170167	 0.800915
365.835785	 364.764756	 365.438840	 0.804920
365.641392	 364.567189	 365.261971	 0.808924
366.244173	 365.165031	 365.877717	 0.812929
366.807214	 365.728854	 366.432800	 0.816934
366.559333	 365.486427	 366.166792	 0.820938
365.835628	 364.765427	 365.438974	 0.824943
365.645236	 364.571190	 365.264295	 0.828947
366.248174	 365.168764	 365.880242	 0.832952
366.808086	 365.729122	 366.432800	 0.836957
366.559668	 365.485935	 366.166300	 0.840961
365.834690	 364.763795	 365.437566	 0.844966
365.647471	 364.573135	 365.266396	 0.848970
366.253964	 365.174285	 365.885875	 0.852975
366.813852	 365.734598	 366.438164	 0.856979
366.561881	 365.487947	 366.167954	 0.860984
365.832030	 364.760889	 365.434951	 0.864989
365.642219	 364.567524	 365.261747	 0.868993
366.250186	 365.170284	 365.882433	 0.872998
366.809874	 365.730665	 366.433940	 0.877002
366.555712	 365.482024	 366.162567	 0.881007
365.827604	 364.756665	 365.431553	 0.885011
365.638486	 364.563993	 365.258506	 0.889016
366.249627	 365.169680	 365.881204	 0.893021
366.810611	 365.731134	 366.433694	 0.897025
366.556092	 365.481845	 366.161539	 0.901030
365.832298	 364.760845	 365.433766	 0.905034
365.644700	 364.569849	 365.262418	 0.909039
366.252600	 365.172430	 365.883327	 0.913043
366.813919	 365.734107	 366.436287	 0.917048
366.556003	 365.481621	 366.160779	 0.921053
365.828744	 364.757313	 365.430682	 0.925057
365.640229	 364.565312	 365.258752	 0.929062
366.245358	 365.165188	 365.876554	 0.933066
366.802565	 365.723087	 366.426407	 0.937071
366.548940	 365.475072	 366.155482	 0.941076
365.824251	 364.753245	 365.427664	 0.945080
365.637748	 364.563076	 365.257120	 0.949085
366.242341	 365.162438	 365.874587	 0.953089
366.798988	 365.719690	 366.423189	 0.957094
366.544939	 365.470960	 366.151078	 0.961098
365.817233	 364.746093	 365.420355	 0.965103
365.632563	 364.558114	 365.252091	 0.969108
366.243324	 365.163802	 365.875459	 0.973112
366.803884	 365.725032	 366.427748	 0.977117
366.550884	 365.477285	 366.157024	 0.981121
365.824587	 364.754027	 365.427932	 0.985126
365.639648	 364.565669	 365.259244	 0.989130
366.250410	 365.170999	 365.882679	 0.993135
366.807795	 365.728943	 366.431839	 0.997140
366.553119	 365.479565	 366.158879	 1.001144
365.827738	 364.756911	 365.430726	 1.005149
365.642129	 364.567793	 365.261501	 1.009153
366.251281	 365.171670	 365.882947	 1.013158
366.809024	 365.730016	 366.432643	 1.017162
366.556137	 365.482583	 366.161785	 1.021167
365.828967	 364.758230	 365.431576	 1.025172
365.644119	 364.569894	 365.262619	 1.029176
366.248465	 365.168809	 365.879840	 1.033181
366.805538	 365.726418	 366.429045	 1.037185
366.549655	 365.475877	 366.155348	 1.041190
365.821055	 364.750250	 365.424088	 1.045195
365.639849	 364.565490	 365.258685	 1.049199
366.249113	 365.169323	 365.880622	 1.053204
366.804867	 365.725837	 366.428665	 1.057208
366.547688	 365.474022	 366.153425	 1.061213
365.818485	 364.747657	 365.421182	 1.065217
365.636206	 364.561847	 365.255042	 1.069222
366.245559	 365.165970	 365.877270	 1.073227
366.805314	 365.726395	 366.429067	 1.077231
366.547286	 365.473865	 366.152956	 1.081236
365.817300	 364.746495	 365.420042	 1.085240
365.632071	 364.557667	 365.251376	 1.089245
366.240016	 365.160382	 365.872218	 1.093249
366.796731	 365.717566	 366.420618	 1.097254
366.535998	 365.462019	 366.142428	 1.101259
365.805498	 364.734201	 365.409381	 1.105263
365.624293	 364.549241	 365.244045	 1.109268
366.235680	 365.155420	 365.867860	 1.113272
366.792886	 365.713364	 366.416505	 1.117277
366.533718	 365.459895	 366.139657	 1.121281
365.806348	 364.735520	 365.409537	 1.125286
365.626505	 364.552124	 365.245810	 1.129291
366.236529	 365.157007	 365.868977	 1.133295
366.790629	 365.711867	 366.415410	 1.137300
366.531796	 365.458309	 366.138852	 1.141304
365.805364	 364.734470	 365.409157	 1.145309
365.623935	 364.549889	 365.244224	 1.149314
366.232640	 365.153654	 365.866250	 1.153318
366.791769	 365.713409	 366.416617	 1.157323
366.531706	 365.458599	 366.138494	 1.161327
365.804179	 364.733866	 365.407905	 1.165332
365.625298	 364.551364	 365.244916	 1.169336
366.233266	 365.154057	 365.865557	 1.173341
366.786717	 365.708156	 366.411029	 1.177346
366.528935	 365.455805	 366.135656	 1.181350
365.800245	 364.730111	 365.403971	 1.185355
365.620135	 364.546648	 365.239798	 1.189359
366.227544	 365.148983	 365.860148	 1.193364
366.781554	 365.703820	 366.406268	 1.197368
366.518094	 365.445792	 366.125307	 1.201373
365.787259	 364.717952	 365.392103	 1.205378
365.607752	 364.534913	 365.228778	 1.209382
366.217687	 365.139327	 365.851342	 1.213387
366.771295	 365.693628	 366.397015	 1.217391
366.512327	 365.439846	 366.119652	 1.221396
365.785113	 364.715202	 365.389443	 1.225400
365.604779	 364.531404	 365.226119	 1.229405
366.213574	 365.134856	 365.847989	 1.233410
366.766087	 365.687727	 366.392164	 1.237414
366.504102	 365.430883	 366.112499	 1.241419
365.778251	 364.707692	 365.383341	 1.245423
365.604109	 364.530018	 365.225113	 1.249428
366.218558	 365.139193	 365.852057	 1.253432
366.774670	 365.695706	 366.399295	 1.257437
366.512193	 365.438505	 366.118557	 1.261442
365.783839	 364.712855	 365.387945	 1.265446
365.606366	 364.531672	 365.227057	 1.269451
366.224057	 365.143998	 365.856930	 1.273455
366.776033	 365.696600	 366.400457	 1.277460
366.510763	 365.436806	 366.116880	 1.281465
365.790791	 364.719539	 365.392907	 1.285469
365.616492	 364.541909	 365.234970	 1.289474
366.231858	 365.151956	 365.862875	 1.293478
366.784817	 365.705474	 366.407945	 1.297483
366.516082	 365.442238	 366.122356	 1.301487
365.792221	 364.721170	 365.395634	 1.305492
365.618861	 364.544413	 365.238457	 1.309497
366.234182	 365.154526	 365.866429	 1.313501
366.785510	 365.706703	 366.409599	 1.317506
366.516015	 365.442841	 366.122781	 1.321510
365.786767	 364.716387	 365.391164	 1.325515
365.616268	 364.542356	 365.236333	 1.329519
366.230740	 365.151508	 365.863255	 1.333524
366.781420	 365.702792	 366.405419	 1.337529
366.514406	 365.440941	 366.120457	 1.341533
365.784890	 364.714062	 365.388102	 1.345538
365.613854	 364.539249	 365.233226	 1.349542
366.230517	 365.150614	 365.861959	 1.353547
366.778850	 365.699797	 366.402133	 1.357551
366.512953	 365.439354	 366.118445	 1.361556
365.783862	 364.713057	 365.386962	 1.365561
365.615754	 364.541306	 365.234612	 1.369565
366.232193	 365.152514	 365.863546	 1.373570
366.783789	 365.704692	 366.406782	 1.377574
366.516150	 365.442506	 366.121105	 1.381579
365.787371	 364.716678	 365.390382	 1.385584
365.615844	 364.541686	 365.235529	 1.389588
366.231142	 365.151933	 365.864082	 1.393593
366.782225	 365.703708	 366.406805	 1.397597
366.516530	 365.443243	 366.122781	 1.401602
365.793227	 364.722668	 365.396104	 1.405606
365.625567	 364.551342	 365.244872	 1.409611
366.241804	 365.162438	 365.873917	 1.413616
366.788394	 365.709922	 366.412639	 1.417620
366.519525	 365.446641	 366.125687	 1.421625
365.793987	 364.723897	 365.397042	 1.425629
365.621655	 364.548034	 365.241273	 1.429634
366.236663	 365.157968	 365.868999	 1.433638
366.788081	 365.710123	 366.411633	 1.437643
366.519815	 365.447110	 366.125441	 1.441648
365.792624	 364.722355	 365.395411	 1.445652
365.622974	 364.549017	 365.242234	 1.449657
366.240865	 365.161656	 365.872755	 1.453661
366.790718	 365.711956	 366.413466	 1.457666
366.517357	 365.444026	 366.122424	 1.461670
365.786164	 364.715471	 365.389264	 1.465675
365.618816	 364.544502	 365.238457	 1.469680
366.237848	 365.158236	 365.870050	 1.473684
366.784750	 365.705653	 366.408660	 1.477689
366.513646	 365.439600	 366.119115	 1.481693
365.791104	 364.719449	 365.392974	 1.485698
365.622504	 364.547251	 365.241005	 1.489703
366.240038	 365.159443	 365.871279	 1.493707
366.783566	 365.703909	 366.406782	 1.497712
366.509176	 365.434705	 366.114243	 1.501716
365.783951	 364.712185	 365.386470	 1.505721
365.617408	 364.541909	 365.236065	 1.509725
366.233422	 365.152648	 365.864753	 1.513730
366.781062	 365.700981	 366.403810	 1.517735
366.508863	 365.434392	 366.113773	 1.521739
365.784622	 364.712855	 365.386582	 1.525744
365.615061	 364.539674	 365.233763	 1.529748
366.236105	 365.155576	 365.867547	 1.533753
366.783119	 365.703462	 366.406224	 1.537757
366.508863	 365.434482	 366.113840	 1.541762
365.781895	 364.710062	 365.383721	 1.545767
365.620269	 364.544614	 365.237674	 1.549771
366.238876	 365.157923	 365.868664	 1.553776
366.785801	 365.705653	 366.407095	 1.557780
366.511769	 365.437208	 366.115852	 1.561785
365.780799	 364.708989	 365.382849	 1.565789
365.613720	 364.538333	 365.232466	 1.569794
366.231835	 365.151330	 365.863188	 1.573799
366.776369	 365.696645	 366.399585	 1.577803
366.500906	 365.426658	 366.106666	 1.581808
365.774876	 364.703334	 365.377820	 1.585812
365.610300	 364.535159	 365.229158	 1.589817
366.229734	 365.149542	 365.861154	 1.593822
366.774200	 365.694902	 366.396992	 1.597826
366.499810	 365.426167	 366.105190	 1.601831
365.776351	 364.705435	 365.378602	 1.605835
365.614346	 364.539607	 365.232154	 1.609840
366.234920	 365.154951	 365.865177	 1.613844
366.779006	 365.699685	 366.400859	 1.617849
366.498939	 365.425317	 366.103380	 1.621854
365.771635	 364.700786	 365.373730	 1.625858
365.605674	 364.531426	 365.224532	 1.629863
366.218313	 365.138902	 365.850626	 1.633867
366.760879	 365.681960	 366.385101	 1.637872
366.488478	 365.414812	 366.093858	 1.641876
365.758247	 364.687419	 365.361101	 1.645881
365.592575	 364.518060	 365.212126	 1.649886
366.217083	 365.137360	 365.848682	 1.653890
366.764164	 365.685425	 366.387493	 1.657895
366.491294	 365.418031	 366.096853	 1.661899
365.763410	 364.692784	 365.366286	 1.665904
365.600197	 364.525593	 365.219055	 1.669908
366.220928	 365.140757	 365.852012	 1.673913
366.763606	 365.684106	 366.386487	 1.677918
366.484835	 365.410766	 366.089790	 1.681922
365.760303	 364.688917	 365.362755	 1.685927
365.599817	 364.524766	 365.218385	 1.689931
366.218044	 365.137919	 365.849285	 1.693936
366.759739	 365.680395	 366.382911	 1.697941
366.480431	 365.406363	 366.085297	 1.701945
365.753776	 364.682345	 365.356139	 1.705950
365.592061	 364.517054	 365.211299	 1.709954
366.210646	 365.130475	 365.842110	 1.713959
366.755738	 365.676417	 366.377882	 1.717963
366.477615	 365.403837	 366.082213	 1.721968
365.752659	 364.681518	 365.354865	 1.725973
365.591190	 364.516361	 365.209958	 1.729977
366.210489	 365.130386	 365.842021	 1.733982
366.754106	 365.674897	 366.376876	 1.737986
366.475223	 365.401513	 366.080268	 1.741991
365.751519	 364.680624	 365.354239	 1.745995
365.593894	 364.519379	 365.213222	 1.750000
366.214200	 365.134566	 365.846245	 1.754005
366.755179	 365.676484	 366.378753	 1.758009
366.474709	 365.401312	 366.080380	 1.762014
365.753329	 364.682301	 365.355625	 1.766018
365.594989	 364.520116	 365.213758	 1.770023
366.217240	 365.137203	 365.848145	 1.774027
366.758778	 365.679546	 366.380676	 1.778032
366.480990	 365.407190	 366.084694	 1.782037
365.755497	 364.684178	 365.356787	 1.786041
365.595079	 364.519982	 365.213065	 1.790046
366.219363	 365.139036	 365.849755	 1.794050
366.759806	 365.680172	 366.381950	 1.798055
366.482398	 365.408062	 366.086303	 1.802059
365.758559	 364.686816	 365.359827	 1.806064
365.602433	 364.526934	 365.219793	 1.810069
366.221710	 365.141182	 365.852124	 1.814073
366.760476	 365.680798	 366.383179	 1.818078
366.482018	 365.408062	 366.087354	 1.822082
365.756481	 364.685408	 365.359447	 1.826087
365.596822	 364.522083	 365.215993	 1.830092
366.217329	 365.137405	 365.848481	 1.834096
366.759828	 365.680865	 366.382844	 1.838101
366.479359	 365.405849	 366.085364	 1.842105
365.754335	 364.683351	 365.357681	 1.846110
365.596241	 364.521390	 365.215636	 1.850114
366.220436	 365.140176	 365.851766	 1.854119
366.763136	 365.683636	 366.385906	 1.858124
366.489171	 365.415147	 366.093702	 1.862128
365.763611	 364.692113	 365.365839	 1.866133
365.605271	 364.529884	 365.224018	 1.870137
366.229734	 365.149005	 365.860551	 1.874142
366.766534	 365.686654	 366.389370	 1.878146
366.479582	 365.405357	 366.085253	 1.882151
365.754693	 364.683150	 365.357860	 1.886156
365.599125	 364.523782	 365.218698	 1.890160
366.221084	 365.140422	 365.853085	 1.894165
366.760722	 365.680619	 366.384185	 1.898169
366.478375	 365.404083	 366.084023	 1.902174
365.754223	 364.682949	 365.357346	 1.906178
365.605584	 364.530510	 365.224599	 1.910183
366.232551	 365.152246	 365.863613	 1.914188
366.768545	 365.689224	 366.391494	 1.918192
366.482912	 365.409179	 366.088628	 1.922197
365.759454	 364.688514	 365.363112	 1.926201
365.607864	 364.533237	 365.227840	 1.930206
366.232305	 365.152514	 365.864417	 1.934211
366.774513	 365.695751	 366.398043	 1.938215
366.492725	 365.419595	 366.098172	 1.942220
365.769132	 364.698930	 365.372232	 1.946224
365.619420	 364.545374	 365.238658	 1.950229
366.243414	 365.164294	 365.875146	 1.954233
366.774200	 365.696086	 366.398132	 1.958238
366.487293	 365.414790	 366.093746	 1.962243
365.765779	 364.695958	 365.369840	 1.966247
365.613899	 364.540389	 365.234523	 1.970252
366.238340	 365.159734	 365.871548	 1.974256
366.774290	 365.696668	 366.399384	 1.978261
366.485461	 365.413650	 366.093143	 1.982265
365.763656	 364.694259	 365.368410	 1.986270
365.613944	 364.540322	 365.234478	 1.990275
366.237356	 365.158348	 365.870095	 1.994279
366.771988	 365.693717	 366.396054	 1.998284
366.488009	 365.414991	 366.093925	 2.002288
365.768573	 364.697813	 365.371427	 2.006293
365.619040	 364.544323	 365.238121	 2.010297
366.243950	 365.164137	 365.875593	 2.014302
366.781174	 365.702255	 366.404368	 2.018307
366.496905	 365.423507	 366.102553	 2.022311
365.771076	 364.700339	 365.375004	 2.026316
365.618146	 364.543675	 365.239038	 2.030320
366.246297	 365.166484	 365.879527	 2.034325
366.782202	 365.703127	 366.406514	 2.038330
366.493015	 365.419327	 366.098999	 2.042334
365.770942	 364.699981	 365.374311	 2.046339
365.621812	 364.547050	 365.242122	 2.050343
366.250097	 365.170060	 365.882500	 2.054348
366.783633	 365.704357	 366.407162	 2.058352
366.494982	 365.421272	 366.100385	 2.062357
365.771859	 364.700562	 365.374355	 2.066362
365.622683	 364.547587	 365.241698	 2.070366
366.249627	 365.169390	 365.880667	 2.074371
366.785645	 365.706323	 366.407386	 2.078375
366.497151	 365.423283	 366.101055	 2.082380
365.773043	 364.701680	 365.374512	 2.086384
365.622728	 364.547833	 365.241362	 2.090389
366.246967	 365.166976	 365.878208	 2.094394
366.785689	 365.706547	 366.407811	 2.098398
366.500056	 365.426211	 366.104207	 2.102403
365.779682	 364.708519	 365.381441	 2.106407
365.628808	 364.554069	 365.247219	 2.110412
366.249784	 365.170060	 365.881181	 2.114416
366.784952	 365.705943	 366.407386	 2.118421
366.498760	 365.425004	 366.103358	 2.122426
365.775882	 364.704541	 365.377820	 2.126430
365.622929	 364.547810	 365.241362	 2.130435
366.247437	 365.167043	 365.877940	 2.134439
366.785399	 365.706033	 366.406849	 2.138444
366.497307	 365.423552	 366.100944	 2.142449
365.771658	 364.700517	 365.372880	 2.146453
365.621253	 364.546156	 365.238613	 2.150458
366.249136	 365.168809	 365.878588	 2.154462
366.782940	 365.703530	 366.403676	 2.158467
366.494602	 365.420601	 366.097546	 2.162471
365.771412	 364.700093	 365.372321	 2.166476
365.621297	 364.546111	 365.238613	 2.170481
366.246699	 365.166574	 365.876286	 2.174485
366.782001	 365.702770	 366.402781	 2.178490
366.495072	 365.421182	 366.098060	 2.182494
365.771211	 364.699646	 365.372098	 2.186499
365.619643	 364.544033	 365.237049	 2.190503
366.244598	 365.163780	 365.874565	 2.194508
366.781331	 365.701227	 366.402625	 2.198513
366.495944	 365.421339	 366.099535	 2.202517
365.770875	 364.699154	 365.372344	 2.206522
365.619196	 364.543966	 365.237026	 2.210526
366.242095	 365.161947	 365.872598	 2.214531
366.778380	 365.699260	 366.400502	 2.218535
366.491697	 365.418142	 366.096428	 2.222540
365.770585	 364.699690	 365.372858	 2.226545
365.622080	 364.547341	 365.240580	 2.230549
366.244464	 365.164674	 365.875638	 2.234554
366.781353	 365.702255	 366.403698	 2.238558
366.498268	 365.424647	 366.102687	 2.242563
365.774295	 364.703267	 365.376300	 2.246568
365.623980	 364.549107	 365.242055	 2.250572
366.250454	 365.170418	 365.880712	 2.254577
366.788327	 365.709028	 366.410068	 2.258581
366.504236	 365.430324	 366.107828	 2.262586
365.778967	 364.707715	 365.379988	 2.266590
365.628830	 364.553577	 365.245989	 2.270595
366.255416	 365.174799	 365.884959	 2.274600
366.795122	 365.715398	 366.415902	 2.278604
366.510673	 365.436583	 366.113997	 2.282609
365.786834	 364.715471	 365.388191	 2.286613
365.635424	 364.560081	 365.253142	 2.290618
366.259239	 365.178487	 365.889049	 2.294622
366.791679	 365.711800	 366.413443	 2.298627
366.504817	 365.430548	 366.109124	 2.302632
365.778944	 364.707580	 365.380904	 2.306636
365.624360	 364.549621	 365.243352	 2.310641
366.250141	 365.170619	 365.881494	 2.314645
366.788863	 365.710190	 366.411230	 2.318650
366.503208	 365.430168	 366.108454	 2.322654
365.774899	 364.704518	 365.378312	 2.326659
365.625477	 364.551722	 365.245609	 2.330664
366.255349	 365.176609	 365.887775	 2.334668
366.796038	 365.717991	 366.420305	 2.338673
366.518318	 365.445657	 366.125352	 2.342677
365.805990	 364.735744	 365.410096	 2.346682
365.664459	 364.590100	 365.284479	 2.350686
366.306982	 365.226811	 365.938200	 2.354691
366.860970	 365.781492	 366.481929	 2.358696
366.587183	 365.513875	 366.189971	 2.362700
365.870944	 364.801503	 365.471474	 2.366705
365.732430	 364.659658	 365.348964	 2.370709
366.381078	 365.301377	 366.009078	 2.374714
366.939179	 365.858986	 366.558305	 2.378719
366.666398	 365.591503	 366.268313	 2.382723
365.953690	 364.881186	 365.553058	 2.386728
365.816473	 364.739834	 365.431285	 2.390732
366.455867	 365.373908	 366.082906	 2.394737
367.010592	 365.928992	 366.628109	 2.398741
366.735510	 365.658826	 366.335279	 2.402746
366.029396	 364.954545	 365.626148	 2.406751
365.904807	 364.824927	 365.516512	 2.410755
366.556293	 365.469775	 366.179175	 2.414760
367.107867	 366.021304	 366.721070	 2.418764
366.831801	 365.750446	 366.427860	 2.422769
366.135164	 365.056782	 365.731492	 2.426773
366.040326	 364.959060	 365.653886	 2.430778
366.707615	 365.619822	 366.330474	 2.434783
367.256171	 366.167932	 366.869307	 2.438787
367.011107	 365.926533	 366.606562	 2.442792
366.399496	 365.316554	 365.992739	 2.446796
366.356916	 365.270822	 365.965917	 2.450801
367.005474	 365.914597	 366.625137	 2.454805
367.529198	 366.438947	 367.140590	 2.458810
367.311156	 366.225532	 366.906724	 2.462815
366.749099	 365.665464	 366.342588	 2.466819
366.728469	 365.641347	 366.336576	 2.470824
367.361403	 366.270191	 366.980820	 2.474828
367.865681	 366.776592	 367.478079	 2.478833
367.646611	 366.563021	 367.245688	 2.482838
367.091953	 366.010531	 366.691164	 2.486842
367.065667	 365.981786	 366.680077	 2.490847
367.674976	 366.586558	 367.299712	 2.494851
368.146061	 367.058716	 367.763556	 2.498856
367.905892	 366.823687	 367.509997	 2.502860
367.342784	 366.263552	 366.946555	 2.506865
367.304026	 366.224772	 366.921990	 2.510870
367.883652	 366.802006	 367.510914	 2.514874
368.323154	 367.244101	 367.943733	 2.518879
368.076502	 367.002076	 367.682665	 2.522883
367.513797	 366.440779	 367.118440	 2.526888
367.460488	 366.384162	 367.078586	 2.530892
368.018254	 366.937949	 367.645091	 2.534897
368.442758	 367.364063	 368.061683	 2.538902
368.174872	 367.101363	 367.780342	 2.542906
367.593861	 366.522967	 367.199465	 2.546911
367.527678	 366.454392	 367.147698	 2.550915
368.069395	 366.991392	 367.697976	 2.554920
368.470273	 367.393947	 368.091858	 2.558924
368.194140	 367.123357	 367.802761	 2.562929
367.617845	 366.550839	 367.227628	 2.566934
367.560289	 366.492837	 367.185137	 2.570938
368.108488	 367.040231	 367.743350	 2.574943
368.521414	 367.455079	 368.148810	 2.578947
368.256434	 367.194458	 367.869592	 2.582952
367.691114	 366.629182	 367.303065	 2.586957
367.639347	 366.569213	 367.263860	 2.590961
368.179231	 367.103330	 367.813311	 2.594966
368.575729	 367.503560	 368.202142	 2.598970
368.301272	 367.237194	 367.915145	 2.602975
367.732509	 366.670824	 367.347277	 2.606979
367.674730	 366.609222	 367.303177	 2.610984
368.202276	 367.132499	 367.839306	 2.614989
368.589475	 367.520123	 368.218525	 2.618993
368.309855	 367.245174	 367.926120	 2.622998
367.739706	 366.679407	 367.358721	 2.627002
367.687672	 366.623974	 367.320209	 2.631007
368.219263	 367.151788	 367.859869	 2.635011
368.603065	 367.538004	 368.236832	 2.639016
368.319935	 367.258920	 367.939374	 2.643021
367.746121	 366.686447	 367.364398	 2.647025
367.687426	 366.623930	 367.319449	 2.651030
368.215240	 367.147966	 367.855444	 2.655034
368.596359	 367.528102	 368.226147	 2.659039
368.310458	 367.244571	 367.926768	 2.663043
367.742478	 366.677417	 367.359280	 2.667048
367.690108	 366.621605	 367.320946	 2.671053
368.217721	 367.146022	 367.857455	 2.675057
368.588648	 367.518961	 368.221498	 2.679062
368.295035	 367.229014	 367.914765	 2.683066
367.714784	 366.651266	 367.334916	 2.687071
367.633245	 366.569883	 367.267056	 2.691076
368.138037	 367.070562	 367.780163	 2.695080
368.519514	 367.448821	 368.151895	 2.699085
368.252455	 367.186076	 367.870598	 2.703089
367.710046	 366.644829	 367.328054	 2.707094
367.686017	 366.616062	 367.315984	 2.711098
368.244588	 367.170251	 367.882221	 2.715103
368.662029	 367.581970	 368.287861	 2.719108
368.431448	 367.351010	 368.042662	 2.723112
367.927483	 366.850733	 367.541737	 2.727117
367.939486	 366.859048	 367.567866	 2.731121
368.534892	 367.451883	 368.171967	 2.735126
368.985704	 367.905087	 368.615515	 2.739130
368.778906	 367.703720	 368.396289	 2.743135
368.305273	 367.231674	 367.921895	 2.747140
368.346221	 367.268934	 367.976769	 2.751144
368.961095	 367.878913	 368.599936	 2.755149
369.412533	 368.331044	 369.044378	 2.759153
369.200125	 368.124000	 368.819005	 2.763158
368.710688	 367.637492	 368.329256	 2.767162
368.724658	 367.649025	 368.356682	 2.771167
369.294158	 368.215307	 368.933960	 2.775172
369.695260	 368.617459	 369.326345	 2.779176
369.436718	 368.364058	 369.054972	 2.783181
368.909664	 367.839932	 368.527628	 2.787185
368.890173	 367.817088	 368.521704	 2.791190
369.434617	 368.357374	 369.074553	 2.795195
369.820184	 368.744462	 369.451626	 2.799199
369.551248	 368.480220	 369.168564	 2.803204
369.012392	 367.942280	 368.629149	 2.807208
368.989616	 367.914721	 368.619739	 2.811213
369.531601	 368.450447	 369.169235	 2.815217
369.907937	 368.829779	 369.537301	 2.819222
369.635201	 368.566676	 369.251645	 2.823227
369.095921	 368.030368	 368.711963	 2.827231
369.070350	 368.002630	 368.699982	 2.831236
369.605138	 368.534378	 369.244091	 2.835240
369.977965	 368.908792	 369.609162	 2.839245
369.702055	 368.636034	 369.318231	 2.843249
369.159623	 368.094876	 368.776045	 2.847254
369.133338	 368.065371	 368.763997	 2.851259
369.672328	 368.601143	 369.311727	 2.855263
370.046943	 368.977591	 369.677558	 2.859268
369.759499	 368.693522	 369.375496	 2.863272
369.206875	 368.141099	 368.821888	 2.867277
369.168452	 368.098541	 368.797145	 2.871281
369.699887	 368.626065	 369.337051	 2.875286
370.070949	 368.998065	 369.700245	 2.879291
369.785696	 368.716388	 369.400575	 2.883295
369.232535	 368.163652	 368.846878	 2.887300
369.192637	 368.119619	 368.820033	 2.891304
369.724139	 368.649109	 369.359850	 2.895309
370.098732	 369.024418	 369.726016	 2.899314
369.816072	 368.745043	 369.428537	 2.903318
369.258619	 368.188529	 368.869498	 2.907323
369.213692	 368.140294	 368.837624	 2.911327
369.734242	 368.657000	 369.366064	 2.915332
370.088539	 369.012191	 369.711778	 2.919336
369.783773	 368.711448	 369.393758	 2.923341
369.215860	 368.144273	 368.825442	 2.927346
369.165703	 368.090316	 368.788584	 2.931350
369.681581	 368.602417	 369.311928	 2.935355
370.027318	 368.949025	 369.648992	 2.939359
369.719467	 368.644460	 369.326814	 2.943364
369.145966	 368.071898	 368.753045	 2.947368
369.092210	 368.015594	 368.713751	 2.951373
369.603954	 368.524342	 369.233853	 2.955378
369.942046	 368.863776	 369.562648	 2.959382
369.606368	 368.531405	 369.212060	 2.963387
368.998691	 367.924779	 368.602707	 2.967391
368.906959	 367.829940	 368.523649	 2.971396
369.374602	 368.294141	 368.999361	 2.975400
369.672372	 368.594012	 369.288436	 2.979405
369.307860	 368.233836	 368.909954	 2.983410
368.670947	 367.597661	 368.272572	 2.987414
368.549890	 367.473296	 368.164859	 2.991419
368.991404	 367.912575	 368.614844	 2.995423
369.267180	 368.190452	 368.882350	 2.999428
368.879265	 367.807320	 368.480689	 3.003432
368.215307	 367.144926	 367.816485	 3.007437
368.065103	 366.991929	 367.680161	 3.011442
368.490814	 367.414846	 368.113785	 3.015446
368.757940	 367.684363	 368.372730	 3.019451
368.358805	 367.290213	 367.960698	 3.023455
367.686263	 366.619370	 367.288380	 3.027460
367.533444	 366.462975	 367.149062	 3.031465
367.958932	 366.884886	 367.583334	 3.035469
368.232026	 367.159746	 367.849476	 3.039474
367.846525	 366.778425	 367.450162	 3.043478
367.190569	 366.124234	 366.793289	 3.047483
367.058090	 365.988581	 366.674646	 3.051487
367.510735	 366.437740	 367.135874	 3.055492
367.812260	 366.740338	 367.428749	 3.059497
367.453559	 366.385437	 367.055698	 3.063501
366.819351	 365.752592	 366.421378	 3.067506
366.703479	 365.633569	 366.319320	 3.071510
367.173492	 366.100586	 366.797714	 3.075515
367.497860	 366.425156	 367.113790	 3.079519
367.158181	 366.088315	 366.760543	 3.083524
366.536020	 365.467383	 366.139098	 3.087529
366.430453	 365.358910	 366.049155	 3.091533
366.918146	 365.842669	 366.546146	 3.095538
367.257780	 366.182639	 366.877935	 3.099542
366.930774	 365.859299	 366.537160	 3.103547
366.321153	 365.251577	 365.927270	 3.107551
366.231701	 365.158885	 365.850984	 3.111556
366.728625	 365.652277	 366.356156	 3.115561
367.081962	 366.007312	 366.701043	 3.119565
366.771049	 365.700512	 366.375870	 3.123570
366.170569	 365.100435	 365.774452	 3.127574
366.089566	 365.014403	 365.706391	 3.131579
366.601868	 365.521318	 366.225487	 3.135584
366.964816	 365.885473	 366.580321	 3.139588
366.650752	 365.576505	 366.254142	 3.143593
366.048037	 364.975131	 365.651629	 3.147597
365.964844	 364.887870	 365.581981	 3.151602
366.474843	 365.393734	 366.100832	 3.155606
366.840004	 365.760504	 366.457879	 3.159611
366.524598	 365.449971	 366.128973	 3.163616
365.912183	 364.839590	 365.516714	 3.167620
365.824877	 364.749289	 365.443087	 3.171625
366.338811	 365.259154	 365.964732	 3.175629
366.704642	 365.625812	 366.321980	 3.179634
366.383403	 365.307792	 365.986726	 3.183638
365.771903	 364.699064	 365.373417	 3.187643
365.685179	 364.610082	 365.299611	 3.191648
366.205259	 365.126027	 365.828140	 3.195652
366.583294	 365.504822	 366.198487	 3.199657
366.273544	 365.199609	 365.874654	 3.203661
365.664012	 364.592044	 365.264809	 3.207666
365.577510	 364.502011	 365.193373	 3.211670
366.103201	 365.022986	 365.729078	 3.215675
366.484231	 365.404530	 366.102843	 3.219680
366.169183	 365.093975	 365.774429	 3.223684
365.548565	 364.475301	 365.153945	 3.227689
365.457370	 364.380709	 365.077703	 3.231693
365.987374	 364.905796	 365.616872	 3.235698
366.379424	 365.297823	 365.999087	 3.239703
366.074188	 364.996812	 365.677892	 3.243707
365.457549	 364.381223	 365.060202	 3.247712
365.374422	 364.293380	 364.990531	 3.251716
365.918486	 364.832929	 365.543335	 3.255721
366.321153	 365.237607	 365.937351	 3.259725
366.018510	 364.940307	 365.619040	 3.263730
365.398607	 364.321409	 364.997840	 3.267735
365.316151	 364.235847	 364.930785	 3.271739
365.871033	 364.789231	 365.495904	 3.275744
366.283222	 365.202873	 365.898996	 3.279748
365.977003	 364.901057	 365.577555	 3.283753
365.352227	 364.279343	 364.952489	 3.287757
365.270777	 364.196910	 364.886104	 3.291762
365.826397	 364.750451	 365.451625	 3.295767
366.238340	 365.164003	 365.854493	 3.299771
365.926645	 364.857963	 365.528269	 3.303776
365.296236	 364.230192	 364.897257	 3.307780
365.214809	 364.145613	 364.830202	 3.311785
365.782208	 364.709056	 365.407011	 3.315789
366.205550	 365.133091	 365.821435	 3.319794
365.891999	 364.823385	 365.492529	 3.323799
365.253365	 364.186785	 364.853582	 3.327803
365.169211	 364.099412	 364.784806	 3.331808
365.740142	 364.665559	 365.365549	 3.335812
366.169943	 365.095450	 365.786656	 3.339817
365.855700	 364.785052	 365.457213	 3.343822
365.205577	 364.136180	 364.806219	 3.347826
365.118897	 364.045455	 364.734246	 3.351831
365.701004	 364.622532	 365.325763	 3.355835
366.137220	 365.059129	 365.752972	 3.359840
365.818663	 364.744394	 365.418657	 3.363844
365.155800	 364.082626	 364.754318	 3.367849
365.062884	 363.985574	 364.676266	 3.371854
365.649282	 364.566943	 365.272700	 3.375858
366.090595	 365.008547	 365.704446	 3.379863
365.764818	 364.687218	 365.362330	 3.383867
365.093103	 364.017448	 364.689811	 3.387872
364.994175	 363.914943	 364.607243	 3.391876
365.588016	 364.503911	 365.211612	 3.395881
366.040303	 364.956959	 365.654534	 3.399886
365.708670	 364.630288	 365.306898	 3.403890
365.019007	 363.942257	 364.615983	 3.407895
364.912859	 363.831414	 364.525905	 3.411899
365.521050	 364.434152	 365.145451	 3.415904
365.991845	 364.905639	 365.607171	 3.419908
365.661531	 364.580891	 365.260183	 3.423913
364.952109	 363.873927	 364.550001	 3.427918
364.837355	 363.754636	 364.451765	 3.431922
365.462064	 364.374227	 365.088186	 3.435927
365.953355	 364.866948	 365.570403	 3.439931
365.617073	 364.536523	 365.216709	 3.443936
364.875956	 363.797954	 364.474832	 3.447941
364.744818	 363.662368	 364.361128	 3.451945
365.384168	 364.297046	 365.013777	 3.455950
365.901298	 364.815092	 365.521296	 3.459954
365.565083	 364.485739	 365.166752	 3.463959
364.800251	 363.725333	 364.400423	 3.467963
364.654070	 363.575755	 364.271990	 3.471968
365.310116	 364.226839	 364.940955	 3.475973
365.843183	 364.761940	 365.464433	 3.479977
365.510366	 364.435940	 365.112929	 3.483982
364.752977	 363.681680	 364.353886	 3.487986
364.621370	 363.546027	 364.239870	 3.491991
365.283518	 364.202856	 364.914513	 3.495995
365.811690	 364.732704	 365.433409	 3.500000
