366.361878	 365.309111	 366.047411	 0.000000
366.668544	 365.621499	 366.338230	 0.004005
366.150296	 365.105822	 365.805208	 0.008009
365.519284	 364.472150	 365.179471	 0.012014
365.651003	 364.598862	 365.329071	 0.016018
366.354144	 365.300528	 366.038470	 0.020023
366.664319	 365.614905	 366.333335	 0.024027
366.154364	 365.109085	 365.807778	 0.028032
365.529678	 364.482454	 365.187830	 0.032037
365.667767	 364.616609	 365.344404	 0.036041
366.376608	 365.323550	 366.060420	 0.040046
366.682424	 365.631669	 366.353116	 0.044050
366.168602	 365.122339	 365.825279	 0.048055
365.549034	 364.503822	 365.218787	 0.052059
365.691124	 364.641196	 365.383833	 0.056064
366.397864	 365.343733	 366.096943	 0.060069
366.702161	 365.651673	 366.386889	 0.064073
366.186618	 365.141562	 365.856125	 0.068078
365.555337	 364.509678	 365.229829	 0.072082
365.687414	 364.637396	 365.380368	 0.076087
366.390801	 365.337788	 366.090461	 0.080092
366.692639	 365.642465	 366.378306	 0.084096
366.173967	 365.128643	 365.844010	 0.088101
365.542999	 364.498838	 365.217714	 0.092105
365.672170	 364.623314	 365.364968	 0.096110
366.370550	 365.317850	 366.069852	 0.100114
366.667672	 365.617900	 366.352848	 0.104119
366.143345	 365.099027	 365.812874	 0.108124
365.505962	 364.462695	 365.181125	 0.112128
365.630708	 364.582746	 365.324824	 0.116133
366.328060	 365.275449	 366.027898	 0.120137
366.625964	 365.575253	 366.311206	 0.124142
366.090617	 365.040063	 365.759878	 0.128146
365.423060	 364.366672	 365.097685	 0.132151
365.542329	 364.485270	 365.236020	 0.136156
366.235590	 365.179985	 365.933909	 0.140160
366.526118	 365.476570	 366.210892	 0.144165
366.009525	 364.964916	 365.681267	 0.148169
365.390762	 364.346779	 365.065991	 0.152174
365.524559	 364.476799	 365.217871	 0.156178
366.231120	 365.179940	 365.933238	 0.160183
366.539217	 365.490808	 366.226627	 0.164188
366.027183	 364.983043	 365.698389	 0.168192
365.403614	 364.360145	 365.081436	 0.172197
365.542217	 364.493875	 365.237741	 0.176201
366.253517	 365.200995	 365.955009	 0.180206
366.565636	 365.515127	 366.251862	 0.184211
366.053312	 365.007317	 365.722998	 0.188215
365.429184	 364.383346	 365.104771	 0.192220
365.568301	 364.517233	 365.261546	 0.196224
366.275466	 365.221291	 365.974433	 0.200229
366.580925	 365.529633	 366.265721	 0.204233
366.062409	 365.015856	 365.730955	 0.208238
365.428335	 364.382117	 365.100122	 0.212243
365.567474	 364.516361	 365.248180	 0.216247
366.278148	 365.222788	 365.960217	 0.220252
366.581998	 365.529476	 366.249761	 0.224256
366.064533	 365.017063	 365.717164	 0.228261
365.438259	 364.390700	 365.095897	 0.232265
365.572906	 364.520921	 365.249499	 0.236270
366.282373	 365.227013	 365.965894	 0.240275
366.589910	 365.537255	 366.259015	 0.244279
366.076513	 365.028462	 365.729525	 0.248284
365.454263	 364.406905	 365.112683	 0.252288
365.590363	 364.538266	 365.269257	 0.256293
366.300969	 365.245945	 365.996114	 0.260297
366.607814	 365.556433	 366.292677	 0.264302
366.091690	 365.045002	 365.760571	 0.268307
365.467182	 364.420495	 365.140422	 0.272311
365.604981	 364.553979	 365.297018	 0.276316
366.314961	 365.260585	 366.013816	 0.280320
366.627707	 365.576125	 366.312056	 0.284325
366.112499	 365.065879	 365.780576	 0.288330
365.483164	 364.437460	 365.156873	 0.292334
365.617833	 364.567681	 365.310653	 0.296339
366.326227	 365.272744	 366.026110	 0.300343
366.633451	 365.582942	 366.319231	 0.304348
366.120680	 365.075401	 365.790746	 0.308352
365.492551	 364.447697	 365.167870	 0.312357
365.627690	 364.577940	 365.321426	 0.316362
366.335704	 365.282601	 366.035743	 0.320366
366.642750	 365.592330	 366.328596	 0.324371
366.126804	 365.080944	 365.797004	 0.328375
365.503213	 364.457643	 365.177861	 0.332380
365.639872	 364.589720	 365.333116	 0.336384
366.346723	 365.293263	 366.046249	 0.340389
366.652987	 365.602030	 366.337716	 0.344394
366.142272	 365.096143	 365.811220	 0.348398
365.519731	 364.473960	 365.193798	 0.352403
365.655965	 364.605500	 365.348539	 0.356407
366.366750	 365.313045	 366.066008	 0.360412
366.679764	 365.628785	 366.364739	 0.364416
366.169116	 365.123211	 365.838311	 0.368421
365.542485	 364.497005	 365.216530	 0.372426
365.676774	 364.626622	 365.368991	 0.376430
366.385504	 365.331686	 366.083710	 0.380435
366.696416	 365.644834	 366.379938	 0.384439
366.181522	 365.134231	 365.849106	 0.388444
365.557975	 364.510595	 365.230164	 0.392449
365.694119	 364.641911	 365.383609	 0.396453
366.403117	 365.347198	 366.089343	 0.400458
366.713828	 365.660055	 366.379491	 0.404462
366.198844	 365.149765	 365.849084	 0.408467
365.570268	 364.521480	 365.226476	 0.412471
365.707776	 364.654383	 365.382402	 0.416476
366.416796	 365.359871	 366.097278	 0.420481
366.722322	 365.668169	 366.388432	 0.424485
366.204253	 365.155107	 365.854851	 0.428490
365.576862	 364.528208	 365.232914	 0.432494
365.714705	 364.661089	 365.388705	 0.436499
366.423814	 365.366622	 366.103872	 0.440503
366.730145	 365.675992	 366.396165	 0.444508
366.218424	 365.169189	 365.868552	 0.448513
365.594520	 364.545843	 365.250124	 0.452517
365.732520	 364.679216	 365.406363	 0.456522
366.442590	 365.385643	 366.122356	 0.460526
366.746574	 365.692220	 366.412102	 0.464531
366.230740	 365.181572	 365.881069	 0.468535
365.608088	 364.559165	 365.263647	 0.472540
365.747451	 364.693812	 365.420936	 0.476545
366.458728	 365.401289	 366.137489	 0.480549
366.764477	 365.709810	 366.428888	 0.484554
366.247794	 365.198112	 365.896760	 0.488558
365.619845	 364.570922	 365.274152	 0.492563
365.748993	 364.696293	 365.423082	 0.496568
366.453431	 365.397579	 366.133868	 0.500572
366.757280	 365.704625	 366.423814	 0.504577
366.240418	 365.193038	 365.891508	 0.508581
365.611485	 364.564529	 365.267782	 0.512586
365.747697	 364.696203	 365.422836	 0.516590
366.450637	 365.395701	 366.132124	 0.520595
366.752653	 365.700780	 366.420216	 0.524600
366.230964	 365.184120	 365.883193	 0.528604
365.603170	 364.556684	 365.260920	 0.532609
365.741863	 364.690705	 365.418098	 0.536613
366.446345	 365.391522	 366.128213	 0.540618
366.746082	 365.693985	 366.413533	 0.544622
366.226404	 365.179202	 365.878342	 0.548627
365.599907	 364.553041	 365.256562	 0.552632
365.735627	 364.684268	 365.410655	 0.556636
366.439975	 365.385352	 366.121149	 0.560641
366.738013	 365.686006	 366.405777	 0.564645
366.218670	 365.171267	 365.880019	 0.568650
365.592061	 364.544837	 365.263379	 0.572654
365.726932	 364.674969	 365.416421	 0.576659
366.434253	 365.378826	 366.129531	 0.580664
366.737298	 365.685000	 366.418741	 0.584668
366.217955	 365.170507	 365.883953	 0.588673
365.591592	 364.544323	 365.262194	 0.592677
365.728251	 364.676065	 365.416868	 0.596682
366.433985	 365.377976	 366.128950	 0.600686
366.737365	 365.684173	 366.418763	 0.604691
366.216726	 365.168295	 365.882790	 0.608696
365.585892	 364.537774	 365.257277	 0.612700
365.719690	 364.666811	 365.409157	 0.616705
366.425089	 365.368566	 366.120166	 0.620709
366.728692	 365.674986	 366.409800	 0.624714
366.207494	 365.158728	 365.872911	 0.628719
365.580371	 364.531717	 365.250594	 0.632723
365.716762	 364.663458	 365.405089	 0.636728
366.422093	 365.365571	 366.116947	 0.640732
366.726122	 365.672461	 366.406715	 0.644737
366.205550	 365.156761	 365.870564	 0.648741
365.574895	 364.526487	 365.245006	 0.652746
365.710794	 364.657803	 365.399121	 0.656751
366.413399	 365.357234	 366.107806	 0.660755
366.715169	 365.661866	 366.395472	 0.664760
366.202398	 365.154124	 365.867591	 0.668764
365.571788	 364.523983	 365.242234	 0.672769
365.705631	 364.653176	 365.394248	 0.676773
366.411476	 365.355602	 366.106241	 0.680778
366.714611	 365.661553	 366.395204	 0.684783
366.200521	 365.152447	 365.865580	 0.688787
365.573420	 364.525973	 365.243464	 0.692792
365.710459	 364.658474	 365.398272	 0.696796
366.417444	 365.361950	 366.111561	 0.700801
366.723395	 365.670784	 366.403787	 0.704805
366.204074	 365.156314	 365.869111	 0.708810
365.574336	 364.526867	 365.244313	 0.712815
365.706949	 364.654786	 365.395232	 0.716819
366.410247	 365.354865	 366.105123	 0.720824
366.711481	 365.659005	 366.392366	 0.724828
366.192027	 365.144490	 365.857712	 0.728833
365.563853	 364.516831	 365.234769	 0.732838
365.697092	 364.645331	 365.386135	 0.736842
366.402670	 365.347243	 366.098060	 0.740847
366.706229	 365.653529	 366.387739	 0.744851
366.189076	 365.141294	 365.855611	 0.748856
365.562825	 364.515512	 365.234813	 0.752860
365.695706	 364.643878	 365.386448	 0.756865
366.398736	 365.342839	 366.094998	 0.760870
366.705715	 365.652255	 366.387269	 0.764874
366.190529	 365.141964	 365.856482	 0.768879
365.566804	 364.518395	 365.237384	 0.772883
365.701965	 364.648550	 365.390315	 0.776888
366.406112	 365.349120	 366.100340	 0.780892
366.711437	 365.657016	 366.390980	 0.784897
366.194195	 365.144691	 365.858516	 0.788902
365.567541	 364.518596	 365.237294	 0.792906
365.699260	 364.645353	 365.386850	 0.796911
366.402357	 365.345142	 366.096473	 0.800915
366.702943	 365.648500	 366.382151	 0.804920
366.182684	 365.132957	 365.846134	 0.808924
365.553393	 364.503978	 365.222431	 0.812929
365.690901	 364.636971	 365.378557	 0.816934
366.398378	 365.341051	 366.092405	 0.820938
366.702138	 365.647851	 366.381860	 0.824943
366.185366	 365.136309	 365.849442	 0.828947
365.556723	 364.508203	 365.225917	 0.832952
365.692018	 364.638692	 365.379742	 0.836957
366.399384	 365.342549	 366.093567	 0.840961
366.702742	 365.648611	 366.382575	 0.844966
366.188048	 365.138835	 365.852683	 0.848970
365.562669	 364.513701	 365.232198	 0.852975
365.698947	 364.645152	 365.386626	 0.856979
366.403407	 365.346505	 366.097770	 0.860984
366.707190	 365.652970	 366.386845	 0.864989
366.188182	 365.138299	 365.851878	 0.868993
365.558847	 364.509499	 365.228287	 0.872998
365.690789	 364.637016	 365.378803	 0.877002
366.393371	 365.336514	 366.087711	 0.881007
366.699456	 365.645907	 366.379558	 0.885011
366.183511	 365.135192	 365.845374	 0.889016
365.562602	 364.514797	 365.218765	 0.893021
365.698456	 364.646516	 365.370310	 0.897025
366.398959	 365.344024	 366.077586	 0.901030
366.703681	 365.651204	 366.368561	 0.905034
366.185388	 365.137963	 365.835494	 0.909039
365.557014	 364.510326	 365.212417	 0.913043
365.691840	 364.640458	 365.365057	 0.917048
366.396501	 365.341588	 366.076155	 0.921053
366.699479	 365.647002	 366.364873	 0.925057
366.175822	 365.128263	 365.827023	 0.929062
365.544832	 364.497832	 365.202023	 0.933066
365.680686	 364.628791	 365.356742	 0.937071
366.387225	 365.331284	 366.076044	 0.941076
366.694047	 365.640788	 366.374752	 0.945080
366.174861	 365.126854	 365.840233	 0.949085
365.547067	 364.499508	 365.216977	 0.953089
365.684575	 364.632479	 365.372902	 0.957094
366.389661	 365.334078	 366.084403	 0.961098
366.691365	 365.638106	 366.371400	 0.965103
366.174123	 365.125290	 365.838266	 0.969108
365.547492	 364.498547	 365.216753	 0.973112
365.685626	 364.631965	 365.373350	 0.977117
366.395137	 365.337967	 366.088717	 0.981121
366.702429	 365.647695	 366.381346	 0.985126
366.189345	 365.139327	 365.852102	 0.989130
365.562646	 364.513098	 365.229941	 0.993135
365.699238	 364.645331	 365.384838	 0.997140
366.399898	 365.342817	 366.092495	 1.001144
366.700641	 365.646197	 366.379334	 1.005149
366.180538	 365.130811	 365.843921	 1.009153
365.551940	 364.502391	 365.220575	 1.013158
365.690454	 364.636368	 365.377887	 1.017162
366.396456	 365.338660	 366.090237	 1.021167
366.699456	 365.644297	 366.378776	 1.025172
366.179599	 365.129514	 365.842669	 1.029176
365.551381	 364.501631	 365.218921	 1.033181
365.684866	 364.630467	 365.370980	 1.037185
366.390287	 365.332893	 366.083219	 1.041190
366.696305	 365.642129	 366.375401	 1.045195
366.177632	 365.128285	 365.841283	 1.049199
365.550509	 364.501430	 365.218944	 1.053204
365.690767	 364.636927	 365.377261	 1.057208
366.399518	 365.342325	 366.092383	 1.061213
366.701848	 365.647740	 366.380497	 1.065217
366.186573	 365.137337	 365.849822	 1.069222
365.561976	 364.513254	 365.230745	 1.073227
365.700579	 364.647343	 365.387811	 1.077231
366.408928	 365.352518	 366.102687	 1.081236
366.713493	 365.659877	 366.393014	 1.085240
366.195223	 365.146524	 365.859232	 1.089245
365.566938	 364.518596	 365.236155	 1.093249
365.703842	 364.650874	 365.391343	 1.097254
366.410627	 365.354351	 366.104520	 1.101259
366.710543	 365.656948	 366.390309	 1.105263
366.190127	 365.141607	 365.855007	 1.109268
365.565552	 364.517278	 365.235529	 1.113272
365.701585	 364.648482	 365.389443	 1.117277
366.403184	 365.346438	 366.096853	 1.121281
366.704709	 365.650601	 366.383760	 1.125286
366.186484	 365.137136	 365.849643	 1.129291
365.556969	 364.508046	 365.225537	 1.133295
365.693069	 364.639341	 365.379809	 1.137300
366.392299	 365.335128	 366.085387	 1.141304
366.693511	 365.639000	 366.372450	 1.145309
366.178817	 365.129045	 365.842356	 1.149314
365.551784	 364.502280	 365.220665	 1.153318
365.688509	 364.634222	 365.375562	 1.157323
366.391427	 365.333809	 366.084381	 1.161327
366.692974	 365.638218	 366.371645	 1.165332
366.175643	 365.126072	 365.839026	 1.169336
365.549012	 364.499732	 365.217088	 1.173341
365.684709	 364.630646	 365.370667	 1.177346
366.388521	 365.331239	 366.081162	 1.181350
366.691141	 365.636474	 366.369723	 1.185355
366.172961	 365.123055	 365.835964	 1.189359
365.544989	 364.495753	 365.213445	 1.193364
365.681558	 364.627695	 365.368052	 1.197368
366.386889	 365.329764	 366.079665	 1.201373
366.689398	 365.635088	 366.368002	 1.205378
366.171597	 365.122049	 365.834555	 1.209382
365.544050	 364.494881	 365.211970	 1.213387
365.680619	 364.626868	 365.366868	 1.217391
366.385995	 365.328914	 366.078480	 1.221396
366.687252	 365.632853	 366.365320	 1.225400
366.165965	 365.116416	 365.828431	 1.229405
365.539423	 364.490433	 365.207321	 1.233410
365.677758	 364.624320	 365.364007	 1.237414
366.382553	 365.325897	 366.075127	 1.241419
366.682804	 365.628852	 366.361610	 1.245423
366.164735	 365.115589	 365.828319	 1.249428
365.540943	 364.492177	 365.209712	 1.253432
365.677780	 364.624164	 365.364454	 1.257437
366.384185	 365.327238	 366.071551	 1.261442
366.693287	 365.639425	 366.356692	 1.265446
366.178325	 365.129492	 365.825369	 1.269451
365.549392	 364.500961	 365.202023	 1.273455
365.687235	 364.634088	 365.358530	 1.277460
366.394802	 365.338257	 366.072333	 1.281465
366.699702	 365.646108	 366.363085	 1.285469
366.181365	 365.132822	 365.829660	 1.289474
365.554577	 364.506236	 365.207701	 1.293478
365.690789	 364.637664	 365.362107	 1.297483
366.400055	 365.343488	 366.077117	 1.301487
366.702898	 365.649014	 366.365298	 1.305492
366.180292	 365.131682	 365.828543	 1.309497
365.550912	 364.503062	 365.205175	 1.313501
365.688129	 364.635697	 365.360609	 1.317506
366.391002	 365.335329	 366.069651	 1.321510
366.691521	 365.638419	 366.356267	 1.325515
366.172022	 365.123971	 365.822106	 1.329519
365.548185	 364.500492	 365.203052	 1.333524
365.682139	 364.629752	 365.355468	 1.337529
366.385437	 365.329518	 366.064689	 1.341533
366.688481	 365.635066	 366.352803	 1.345538
366.172290	 365.123613	 365.821100	 1.349542
365.545905	 364.497474	 365.201241	 1.353547
365.688554	 364.635250	 365.369214	 1.357551
366.394042	 365.337073	 366.086728	 1.361556
366.692326	 365.638039	 366.371266	 1.365561
366.176336	 365.126787	 365.840345	 1.369565
365.556835	 364.508002	 365.225672	 1.373570
365.694186	 364.640861	 365.381262	 1.377574
366.403318	 365.346416	 366.096831	 1.381579
366.710364	 365.655920	 366.389706	 1.385584
366.198062	 365.148513	 365.862003	 1.389588
365.576795	 364.527448	 365.245430	 1.393593
365.717209	 364.663324	 365.403793	 1.397597
366.421557	 365.364319	 366.114735	 1.401602
366.726345	 365.671723	 366.405486	 1.405606
366.214155	 365.164383	 365.877717	 1.409611
365.592240	 364.542870	 365.260965	 1.413616
365.731894	 364.677674	 365.418724	 1.417620
366.438053	 365.380189	 366.131342	 1.421625
366.742886	 365.687950	 366.422384	 1.425629
366.227477	 365.177526	 365.891619	 1.429634
365.602455	 364.552817	 365.271694	 1.433638
365.741572	 364.687531	 365.429475	 1.437643
366.448334	 365.391097	 366.142607	 1.441648
366.751379	 365.697003	 366.431638	 1.445652
366.234205	 365.184768	 365.898504	 1.449657
365.611150	 364.562160	 365.280210	 1.453661
365.751362	 364.697701	 365.438505	 1.457666
366.454928	 365.397802	 366.148240	 1.461670
366.755224	 365.700914	 366.434499	 1.465675
366.234428	 365.185148	 365.898772	 1.469680
365.610412	 364.561646	 365.279562	 1.473684
365.751429	 364.698059	 365.438550	 1.477689
366.454012	 365.397869	 366.147837	 1.481693
366.754240	 365.701361	 366.434409	 1.485698
366.234719	 365.186690	 365.899465	 1.489703
365.611753	 364.563859	 365.281484	 1.493707
365.748613	 364.695958	 365.436896	 1.497712
366.450458	 365.394338	 366.145133	 1.501716
366.752497	 365.698992	 366.433247	 1.505721
366.233646	 365.185058	 365.899063	 1.509725
365.607082	 364.559455	 365.277930	 1.513730
365.746400	 364.694482	 365.435219	 1.517735
366.451017	 365.395858	 366.146183	 1.521739
366.748406	 365.695885	 366.429514	 1.525744
366.229287	 365.181549	 365.895218	 1.529748
365.608758	 364.561199	 365.279673	 1.533753
365.753754	 364.701456	 365.442908	 1.537757
366.461298	 365.405760	 366.156979	 1.541762
366.761840	 365.709274	 366.443283	 1.545767
366.248621	 365.200951	 365.914463	 1.549771
365.628651	 364.581360	 365.299477	 1.553776
365.769981	 364.717840	 365.458711	 1.557780
366.474799	 365.418880	 366.169429	 1.561785
366.776190	 365.722685	 366.456627	 1.565789
366.258367	 365.209511	 365.923538	 1.569794
365.633949	 364.585428	 365.304059	 1.573799
365.772261	 364.719159	 365.460521	 1.577803
366.475335	 365.418813	 366.169966	 1.581808
366.779028	 365.724987	 366.459220	 1.585812
366.264402	 365.215256	 365.929170	 1.589817
365.642420	 364.593318	 365.311927	 1.593822
365.784443	 364.730357	 365.471541	 1.597826
366.490311	 365.432559	 366.183198	 1.601831
366.788640	 365.733704	 366.467579	 1.605835
366.267151	 365.217334	 365.930981	 1.609840
365.643560	 364.594525	 365.312754	 1.613844
365.789852	 364.736057	 365.476726	 1.617849
366.496167	 365.439131	 366.189144	 1.621854
366.795479	 365.741349	 366.474709	 1.625858
366.278305	 365.228890	 365.942246	 1.629863
365.658804	 364.609680	 365.327104	 1.633867
365.802995	 364.749222	 365.489243	 1.637872
366.508393	 365.451625	 366.201057	 1.641876
366.811058	 365.757285	 366.489909	 1.645881
366.296365	 365.247710	 365.960239	 1.649886
365.673601	 364.625348	 365.342683	 1.653890
365.815780	 364.762923	 365.502878	 1.657895
366.522095	 365.465863	 366.215563	 1.661899
366.827599	 365.774094	 366.507298	 1.665904
366.312905	 365.264228	 365.977271	 1.669908
365.694745	 364.646113	 365.363962	 1.673913
365.839607	 364.786393	 365.526928	 1.677918
366.547800	 365.491456	 366.241491	 1.681922
366.851560	 365.798033	 366.531148	 1.685927
366.336956	 365.288435	 366.001366	 1.689931
365.716225	 364.668308	 365.385777	 1.693936
365.861422	 364.808789	 365.548855	 1.697941
366.567916	 365.511640	 366.261429	 1.701945
366.867720	 365.814037	 366.547420	 1.705950
366.349674	 365.300818	 366.014085	 1.709954
365.728385	 364.679820	 365.397579	 1.713959
365.866988	 364.813550	 365.554309	 1.717963
366.571090	 365.514121	 366.264759	 1.721968
366.870559	 365.816562	 366.550057	 1.725973
366.351685	 365.302852	 366.015739	 1.729977
365.727647	 364.679306	 365.396640	 1.733982
365.865758	 364.812589	 365.553169	 1.737986
366.572856	 365.516177	 366.266235	 1.741991
366.874694	 365.820586	 366.553812	 1.745995
366.357251	 365.307792	 366.020835	 1.750000
365.737437	 364.688246	 365.405916	 1.754005
365.879929	 364.826000	 365.566513	 1.758009
366.584434	 365.527286	 366.277612	 1.762014
366.884283	 365.830197	 366.563423	 1.766018
366.368449	 365.319527	 366.032033	 1.770023
365.742891	 364.694684	 365.411549	 1.774027
365.882545	 364.829442	 365.569464	 1.778032
366.587809	 365.531086	 366.281412	 1.782037
366.890184	 365.836008	 366.569950	 1.786041
366.373747	 365.324153	 366.038090	 1.790046
365.748948	 364.699601	 365.418388	 1.794050
365.886099	 364.831879	 365.573465	 1.798055
366.592324	 365.534707	 366.285681	 1.802059
366.889625	 365.835070	 366.568430	 1.806064
366.370550	 365.320935	 366.033642	 1.810069
365.746601	 364.697366	 365.414745	 1.814073
365.885629	 364.831588	 365.571677	 1.818078
366.586625	 365.529119	 366.278819	 1.822082
366.884551	 365.829683	 366.562731	 1.826087
366.363979	 365.313603	 366.026557	 1.830092
365.739471	 364.689274	 365.406877	 1.834096
365.879125	 364.824257	 365.564680	 1.838101
366.579561	 365.521609	 366.271778	 1.842105
366.879544	 365.824497	 366.557590	 1.846110
366.360425	 365.310407	 366.023361	 1.850114
365.736945	 364.687419	 365.404821	 1.854119
365.877583	 364.823318	 365.563228	 1.858124
366.579047	 365.521653	 366.271331	 1.862128
366.880617	 365.826039	 366.558819	 1.866133
366.362191	 365.312530	 366.025328	 1.870137
365.738063	 364.688917	 365.406922	 1.874142
365.879259	 364.825709	 365.566849	 1.878146
366.582467	 365.525587	 366.276382	 1.882151
366.881802	 365.827939	 366.561345	 1.886156
366.364426	 365.315570	 366.028680	 1.890160
365.742109	 364.693655	 365.411169	 1.894165
365.883461	 364.830202	 365.569911	 1.898169
366.592883	 365.536227	 366.285390	 1.902174
366.891346	 365.837573	 366.569905	 1.906178
366.369366	 365.320085	 366.032145	 1.910183
365.742086	 364.693387	 365.410275	 1.914188
365.883059	 364.829599	 365.569151	 1.918192
366.588368	 365.531466	 366.280540	 1.922197
366.885311	 365.831381	 366.563669	 1.926201
366.363912	 365.315011	 366.027026	 1.930206
365.740276	 364.691822	 365.408464	 1.934211
365.881539	 364.828392	 365.567854	 1.938215
366.585239	 365.528314	 366.277589	 1.942220
366.885959	 365.831516	 366.564072	 1.946224
366.369276	 365.319638	 366.032055	 1.950229
365.743293	 364.694058	 365.411392	 1.954233
365.880913	 364.827229	 365.567363	 1.958238
366.584658	 365.527733	 366.277187	 1.962243
366.882964	 365.828990	 366.561904	 1.966247
366.365409	 365.316442	 366.029440	 1.970252
365.739248	 364.690638	 365.408442	 1.974256
365.876152	 364.822714	 365.563585	 1.978261
366.580232	 365.523307	 366.273588	 1.982265
366.881846	 365.827693	 366.560831	 1.986270
366.360291	 365.310876	 366.023830	 1.990275
365.735157	 364.686056	 365.403457	 1.994279
365.872017	 364.818333	 365.558109	 1.998284
366.580299	 365.523173	 366.272158	 2.002288
366.881645	 365.827246	 366.559266	 2.006293
366.361788	 365.311927	 366.024165	 2.010297
365.737169	 364.687531	 365.404687	 2.014302
365.877583	 364.823117	 365.563049	 2.018307
366.585596	 365.527554	 366.277299	 2.022311
366.886987	 365.831784	 366.564787	 2.026316
366.367376	 365.316978	 366.029530	 2.030320
365.744724	 364.694639	 365.411593	 2.034325
365.884422	 364.829733	 365.569039	 2.038330
366.588547	 365.530594	 366.279534	 2.042334
366.886384	 365.831270	 366.563468	 2.046339
366.366996	 365.316800	 366.028703	 2.050343
365.741371	 364.691465	 365.408039	 2.054348
365.880935	 364.826067	 365.565731	 2.058352
366.585529	 365.527174	 366.276785	 2.062357
366.883076	 365.827492	 366.560562	 2.066362
366.363107	 365.312441	 366.025216	 2.070366
365.735381	 364.684961	 365.402519	 2.074371
365.874476	 364.819362	 365.559540	 2.078375
366.576410	 365.518569	 366.268202	 2.082380
366.874694	 365.820094	 366.552493	 2.086384
366.352803	 365.303254	 366.015336	 2.090389
365.726820	 364.677696	 365.394584	 2.094394
365.865200	 364.811538	 365.551404	 2.098398
366.570509	 365.513607	 366.262949	 2.102403
366.870402	 365.816026	 366.548269	 2.106407
366.349897	 365.300416	 366.012274	 2.110412
365.722461	 364.673271	 365.389979	 2.114416
365.863903	 364.809840	 365.549057	 2.118421
366.571358	 365.513696	 366.262278	 2.122426
366.871073	 365.816138	 366.547822	 2.126430
366.351060	 365.301109	 366.012565	 2.130435
365.726731	 364.677428	 365.393600	 2.134439
365.862987	 364.809370	 365.548341	 2.138444
366.566977	 365.510030	 366.258546	 2.142449
366.864278	 365.810013	 366.541876	 2.146453
366.343527	 365.293956	 366.005949	 2.150458
365.719198	 364.669650	 365.386515	 2.154462
365.862160	 364.807627	 365.547179	 2.158467
366.564943	 365.507102	 366.256310	 2.162471
366.862177	 365.807175	 366.539462	 2.166476
366.345315	 365.294984	 366.007156	 2.170481
365.730106	 364.679931	 365.396819	 2.174485
365.873827	 364.818959	 365.558869	 2.178490
366.582132	 365.523754	 366.273499	 2.182494
366.881131	 365.825726	 366.558305	 2.186499
366.362034	 365.311681	 366.023942	 2.190503
365.738666	 364.688649	 365.405715	 2.194508
365.881829	 364.827073	 365.566916	 2.198513
366.588055	 365.530102	 366.279646	 2.202517
366.880975	 365.825682	 366.558975	 2.206522
366.359732	 365.309200	 366.022712	 2.210526
365.735090	 364.684782	 365.403234	 2.214531
365.874073	 364.818892	 365.559987	 2.218535
366.574979	 365.516490	 366.266950	 2.222540
366.869106	 365.813388	 366.546861	 2.226545
366.346701	 365.295655	 366.008832	 2.230549
365.720070	 364.668957	 365.386761	 2.234554
365.860796	 364.804721	 365.545145	 2.238558
366.567491	 365.507974	 366.257585	 2.242563
366.867452	 365.810773	 366.543061	 2.246568
366.344086	 365.292637	 366.004205	 2.250572
365.724048	 364.673226	 365.389532	 2.254577
365.871078	 364.815830	 365.555092	 2.258581
366.580903	 365.522167	 366.271063	 2.262586
366.884685	 365.828297	 366.560786	 2.266590
366.373970	 365.322052	 366.034894	 2.270595
365.767500	 364.715582	 365.433364	 2.274600
365.931920	 364.875375	 365.615508	 2.278604
366.658128	 365.597850	 366.347327	 2.282609
366.982049	 365.924320	 366.657278	 2.286613
366.482331	 365.429810	 366.142518	 2.290618
365.880488	 364.828593	 365.545145	 2.294622
366.047121	 364.991336	 365.729189	 2.298627
366.771675	 365.713275	 366.457946	 2.302632
367.081336	 366.026937	 366.752206	 2.306636
366.568631	 365.519709	 366.224213	 2.310641
365.963033	 364.913976	 365.624181	 2.314645
366.136058	 365.081391	 365.816115	 2.318650
366.868972	 365.810326	 366.555980	 2.322654
367.183215	 366.127386	 366.856455	 2.326659
366.685442	 365.634373	 366.344354	 2.330664
366.106263	 365.055150	 365.770674	 2.334668
366.300366	 365.244246	 365.982099	 2.338673
367.050557	 365.989073	 366.738549	 2.342677
367.377049	 366.317711	 367.049999	 2.346682
366.912692	 365.857488	 366.569660	 2.350686
366.395696	 365.338905	 366.055994	 2.354691
366.636938	 365.574403	 366.312682	 2.358696
367.384962	 366.317778	 367.063454	 2.362700
367.714561	 366.647958	 367.377116	 2.366705
367.293901	 366.228080	 366.939693	 2.370709
366.829432	 365.759141	 366.477190	 2.374714
367.082610	 365.999332	 366.743221	 2.378719
367.804325	 366.711861	 367.468535	 2.382723
368.106543	 367.020383	 367.763131	 2.386728
367.680430	 366.607658	 367.330669	 2.390732
367.215223	 366.146139	 366.874493	 2.394737
367.451436	 366.377166	 367.127626	 2.398741
368.141390	 367.064035	 367.821760	 2.402746
368.422619	 367.347701	 368.089489	 2.406751
367.991722	 366.922996	 367.646768	 2.410755
367.524191	 366.458415	 367.185696	 2.414760
367.739840	 366.672835	 367.418177	 2.418764
368.389472	 367.322913	 368.073463	 2.422769
368.637487	 367.576047	 368.310145	 2.426773
368.192083	 367.136545	 367.852963	 2.430778
367.709599	 366.655468	 367.376178	 2.434783
367.898918	 366.841524	 367.581702	 2.438787
368.519738	 367.459818	 368.206746	 2.442792
368.742786	 367.685637	 368.417747	 2.446796
368.283748	 367.230847	 367.947041	 2.450801
367.793060	 366.740270	 367.461718	 2.454805
367.971449	 366.915709	 367.654189	 2.458810
368.571839	 367.515652	 368.258401	 2.462815
368.773564	 367.722384	 368.448190	 2.466819
368.302814	 367.257512	 367.965906	 2.470824
367.809064	 366.765573	 367.478102	 2.474828
367.987699	 366.941213	 367.672137	 2.478833
368.583328	 367.534629	 368.271812	 2.482838
368.791982	 367.746412	 368.469133	 2.486842
368.338063	 367.296427	 368.003815	 2.490847
367.860093	 366.819664	 367.533579	 2.494851
368.053301	 367.009453	 367.743171	 2.498856
368.665650	 367.620862	 368.362158	 2.502860
368.885591	 367.844603	 368.572778	 2.506865
368.449508	 367.412656	 368.125050	 2.510870
367.993019	 366.957664	 367.674775	 2.514874
368.205226	 367.165177	 367.900639	 2.518879
368.836350	 367.793775	 368.535272	 2.522883
369.079559	 368.041522	 368.769004	 2.526888
368.672691	 367.642119	 368.354022	 2.530892
368.251003	 367.229528	 367.946505	 2.534897
368.498101	 367.482281	 368.218548	 2.538902
369.170240	 368.151291	 368.894129	 2.542906
369.449861	 368.426598	 369.154147	 2.546911
369.067109	 368.044428	 368.756174	 2.550915
368.681408	 367.655105	 368.372887	 2.554920
368.966594	 367.931507	 368.668332	 2.558924
369.650222	 368.606127	 369.349367	 2.562929
369.931094	 368.888050	 369.617543	 2.566934
369.568660	 368.531696	 369.246348	 2.570938
369.206428	 368.169642	 368.889882	 2.574943
369.501404	 368.458717	 369.198538	 2.578947
370.185792	 369.139350	 369.886033	 2.582952
370.463065	 369.418836	 370.151057	 2.586957
370.088495	 369.047954	 369.765065	 2.590961
369.701452	 368.660554	 369.383632	 2.594966
369.972020	 368.926897	 369.669087	 2.598970
370.623216	 369.575299	 370.323456	 2.602975
370.850197	 369.804628	 370.538122	 2.606979
370.425559	 369.383275	 370.102152	 2.610984
370.006419	 368.963710	 369.690365	 2.614989
370.256915	 369.210272	 369.956441	 2.618993
370.894052	 369.845688	 370.598226	 2.622998
371.120989	 370.075911	 370.813295	 2.627002
370.708867	 369.668304	 370.388723	 2.631007
370.305821	 369.265593	 369.991443	 2.635011
370.560966	 369.517341	 370.261318	 2.639016
371.191352	 370.146006	 370.895951	 2.643021
371.415361	 370.373234	 371.108472	 2.647025
371.009990	 369.971930	 370.691858	 2.651030
370.614677	 369.577087	 370.301864	 2.655034
370.864056	 369.823492	 370.566621	 2.659039
371.472515	 370.430320	 371.178589	 2.663043
371.659219	 370.619684	 371.352888	 2.667048
371.204964	 370.168290	 370.885781	 2.671053
370.738595	 369.700871	 370.422095	 2.675057
370.899260	 369.857825	 370.597332	 2.679062
371.413394	 370.370037	 371.115334	 2.683066
371.505551	 370.464786	 371.194548	 2.687071
370.956502	 369.919024	 370.632424	 2.691076
370.396122	 369.359046	 370.077699	 2.695080
370.484411	 369.444988	 370.181813	 2.699085
370.947249	 369.905054	 370.648674	 2.703089
371.008001	 369.967125	 370.697088	 2.707094
370.445385	 369.407035	 370.120033	 2.711098
369.904249	 368.865363	 369.584575	 2.715103
370.034269	 368.992365	 369.730196	 2.719108
370.565660	 369.521610	 370.264045	 2.723112
370.722614	 369.680777	 370.406828	 2.727117
370.258435	 369.221091	 369.931764	 2.731121
369.813725	 368.774860	 369.490809	 2.735126
370.029553	 368.986800	 369.720809	 2.739130
370.632693	 369.589716	 370.328307	 2.743135
370.827443	 369.788423	 370.512060	 2.747140
370.382398	 369.346484	 370.055235	 2.751144
369.922980	 368.886038	 369.600668	 2.755149
370.096899	 369.055509	 369.788400	 2.759153
370.635710	 369.591839	 370.330028	 2.763158
370.757840	 369.716249	 370.440021	 2.767162
370.229847	 369.191452	 369.900807	 2.771167
369.693383	 368.654049	 369.369752	 2.775172
369.801208	 368.757225	 369.491726	 2.779176
370.277233	 369.230434	 369.970880	 2.783181
370.343863	 369.298830	 370.024859	 2.787185
369.773179	 368.730783	 369.442261	 2.791190
369.204148	 368.160612	 368.877991	 2.795195
369.286626	 368.238441	 368.974104	 2.799199
369.753710	 368.703245	 369.443669	 2.803204
369.826242	 368.778258	 369.504108	 2.807208
369.263291	 368.218391	 368.929110	 2.811213
368.682615	 367.636732	 368.353776	 2.815217
368.766501	 367.715790	 368.451744	 2.819222
369.247957	 368.194251	 368.936732	 2.823227
369.353681	 368.301652	 369.030207	 2.827231
368.833601	 367.784432	 368.498414	 2.831236
368.328809	 367.278366	 367.998763	 2.835240
368.495531	 367.440238	 368.179656	 2.839245
369.063555	 368.005178	 368.751190	 2.843249
369.245275	 368.188619	 368.920191	 2.847254
368.797324	 367.743394	 368.460170	 2.851259
368.363901	 367.308899	 368.032492	 2.855263
368.602931	 367.543905	 368.286184	 2.859268
369.239508	 368.178248	 368.925511	 2.863272
369.459517	 368.401564	 369.132309	 2.867277
369.002334	 367.948807	 368.662386	 2.871281
368.507846	 367.454498	 368.172436	 2.875286
368.638246	 367.581523	 368.316717	 2.879291
369.133181	 368.074647	 368.814490	 2.883295
369.212552	 368.156902	 368.880852	 2.887300
368.629328	 367.580070	 368.286788	 2.891304
368.019841	 366.970493	 367.681346	 2.895309
368.034928	 366.979255	 367.707475	 2.899314
368.423759	 367.365493	 368.099011	 2.903318
368.412404	 367.357045	 368.075765	 2.907323
367.743886	 366.691030	 367.394886	 2.911327
367.048970	 365.993275	 366.704731	 2.915332
367.000109	 365.938938	 366.670198	 2.919336
367.342091	 366.284496	 367.014728	 2.923341
367.296739	 366.241290	 366.956121	 2.927346
366.615659	 365.561752	 366.261831	 2.931350
365.934468	 364.882505	 365.587926	 2.935355
365.914821	 364.860980	 365.585021	 2.939359
366.314224	 365.257679	 365.988626	 2.943364
366.338610	 365.284077	 366.001076	 2.947368
365.721903	 364.668979	 365.370712	 2.951373
365.103340	 364.048003	 364.755369	 2.955378
365.154213	 364.094047	 364.820412	 2.959382
365.632049	 364.570005	 365.302807	 2.963387
365.740924	 364.680825	 365.401334	 2.967391
365.217424	 364.160365	 364.866345	 2.971396
364.687151	 363.629645	 364.341392	 2.975400
364.817618	 363.756871	 364.488064	 2.979405
365.378580	 364.314525	 365.054480	 2.983410
365.575186	 364.513143	 365.241094	 2.987414
365.124128	 364.066398	 364.778681	 2.991419
364.654629	 363.597615	 364.315687	 2.995423
364.849402	 363.788834	 364.526978	 2.999428
365.461304	 364.398903	 365.144334	 3.003432
365.691504	 364.631830	 365.362934	 3.007437
365.267246	 364.211506	 364.927253	 3.011442
364.822603	 363.767243	 364.487997	 3.015446
365.035928	 363.977081	 364.715784	 3.019451
365.664369	 364.603086	 365.347846	 3.023455
365.906305	 364.846430	 365.575946	 3.027460
365.482180	 364.424965	 365.139036	 3.031465
365.030384	 363.972230	 364.691957	 3.035469
365.239507	 364.176682	 364.914468	 3.039474
365.863546	 364.796451	 365.540921	 3.043478
366.089589	 365.022472	 365.751541	 3.047483
365.639022	 364.575973	 365.279629	 3.051487
365.154369	 364.092080	 364.799133	 3.055492
365.327752	 364.264010	 364.988430	 3.059497
365.919336	 364.855080	 365.584797	 3.063501
366.115562	 365.053138	 365.768193	 3.067506
365.635535	 364.577158	 365.276589	 3.071510
365.122563	 364.065102	 364.770501	 3.075515
365.275963	 364.213070	 364.936641	 3.079519
365.856035	 364.790058	 365.519530	 3.083524
366.041533	 364.979355	 365.693963	 3.087529
365.538730	 364.481269	 365.180610	 3.091533
364.999450	 363.943508	 364.648594	 3.095538
365.137069	 364.077529	 364.801614	 3.099542
365.715711	 364.653959	 365.385397	 3.103547
365.907489	 364.849067	 365.565686	 3.107551
365.416712	 364.362492	 365.062414	 3.111556
364.883869	 363.830431	 364.536008	 3.115561
365.024484	 363.967358	 364.693544	 3.119565
365.616089	 364.555812	 365.288838	 3.123570
365.815221	 364.757559	 365.474804	 3.127574
365.317470	 364.264167	 364.965028	 3.131579
364.783912	 363.730765	 364.436789	 3.135584
364.936373	 363.880454	 364.605344	 3.139588
365.537903	 364.481336	 365.211076	 3.143593
365.743629	 364.689274	 365.402630	 3.147597
365.248627	 364.198452	 364.894106	 3.151602
364.713057	 363.663486	 364.362648	 3.155606
364.862970	 363.809554	 364.527403	 3.159611
365.464187	 364.408358	 365.132688	 3.163616
365.666113	 364.611893	 365.321382	 3.167620
365.159510	 364.108710	 364.801480	 3.171625
364.612384	 363.562188	 364.259495	 3.175629
364.759638	 363.706245	 364.422238	 3.179634
365.364856	 364.308714	 365.031010	 3.183638
365.574202	 364.520340	 365.226968	 3.187643
365.066102	 364.015928	 364.705681	 3.191648
364.516942	 363.467394	 364.162287	 3.195652
364.668376	 363.615765	 364.329769	 3.199657
365.292883	 364.238239	 364.958568	 3.203661
365.509203	 364.456906	 365.162886	 3.207666
365.000589	 363.951555	 364.641822	 3.211670
364.444612	 363.394483	 364.091455	 3.215675
364.588692	 363.533846	 364.252678	 3.219680
365.208975	 364.151313	 364.877610	 3.223684
365.421540	 364.366850	 365.076898	 3.227689
364.898598	 363.848402	 364.541261	 3.231693
364.327154	 363.277762	 363.976813	 3.235698
364.471345	 363.418041	 364.136382	 3.239703
365.089974	 364.033675	 364.758028	 3.243707
365.293174	 364.239267	 364.947482	 3.247712
364.753737	 363.704121	 364.395438	 3.251716
364.169619	 363.120025	 363.817780	 3.255721
364.301181	 363.246849	 363.965950	 3.259725
364.901325	 363.842881	 364.570743	 3.263730
365.082062	 364.025964	 364.738582	 3.267735
364.528945	 363.477653	 364.178314	 3.271739
363.931327	 362.880571	 363.592810	 3.275744
364.047891	 362.992710	 363.727367	 3.279748
364.643006	 363.583958	 364.327221	 3.283753
364.827855	 363.771132	 364.498435	 3.287757
364.265195	 363.213143	 363.922721	 3.291762
363.653986	 362.601957	 363.317593	 3.295767
363.768539	 362.711749	 363.449401	 3.299771
364.365822	 363.306014	 364.051803	 3.303776
364.546223	 363.489366	 364.218725	 3.307780
363.976477	 362.924068	 363.635144	 3.311785
363.358496	 362.305751	 363.022617	 3.315789
363.466165	 362.408525	 363.146825	 3.319794
364.063537	 363.002925	 363.749004	 3.323799
364.250599	 363.193049	 363.922230	 3.327803
363.690621	 362.637831	 363.348013	 3.331808
363.075657	 362.023024	 362.738973	 3.335812
363.191909	 362.134805	 362.872927	 3.339817
363.809443	 362.748987	 363.495267	 3.343822
364.014028	 362.956657	 363.686732	 3.347826
363.465673	 362.413308	 363.125144	 3.351831
362.866668	 361.814684	 362.532309	 3.355835
363.006188	 361.949778	 362.689218	 3.359840
363.649695	 362.590311	 363.338491	 3.363844
363.885863	 362.829945	 363.561495	 3.367849
363.364866	 362.313977	 363.026394	 3.371854
362.791052	 361.740163	 362.457967	 3.375858
362.957774	 361.901990	 362.641385	 3.379863
363.628751	 362.569189	 363.317034	 3.383867
363.883718	 362.827039	 363.558254	 3.387872
363.378434	 362.326606	 363.038620	 3.391876
362.819037	 361.767723	 362.484431	 3.395881
363.007462	 361.952348	 362.682736	 3.399886
363.703317	 362.644894	 363.376042	 3.403890
363.969481	 362.913384	 363.628617	 3.407895
363.461582	 362.410045	 363.107263	 3.411899
362.896933	 361.845730	 362.548067	 3.415904
363.083860	 362.027852	 362.751490	 3.419908
363.781168	 362.722008	 363.453603	 3.423913
364.054865	 362.998477	 363.713151	 3.427918
363.543792	 362.492254	 363.188221	 3.431922
362.976728	 361.926129	 362.627460	 3.435927
363.161667	 362.107514	 362.830481	 3.439931
363.861142	 362.804553	 363.535164	 3.443936
364.131598	 363.077512	 363.790980	 3.447941
363.615720	 362.566395	 363.260327	 3.451945
363.040699	 361.991978	 362.690850	 3.455950
363.222620	 362.169674	 362.890004	 3.459954
363.919257	 362.863271	 363.591781	 3.463959
364.184460	 363.131179	 363.843753	 3.467963
363.663709	 362.614831	 363.317481	 3.471968
363.080396	 362.031361	 362.744717	 3.475973
363.256773	 362.203000	 362.938552	 3.479977
363.957165	 362.899883	 363.644219	 3.483982
364.235154	 363.180398	 363.907835	 3.487986
363.711877	 362.661882	 363.370074	 3.491991
363.120875	 362.071550	 362.784950	 3.495995
363.301611	 362.247995	 362.983836	 3.500000
