366.772256	 365.749865	 366.515680	 0.000000
367.335475	 366.312838	 367.071479	 0.004005
367.137684	 366.119719	 366.854935	 0.008009
366.421758	 365.406408	 366.133666	 0.012014
366.165473	 365.147575	 365.893341	 0.016018
366.700149	 365.678361	 366.443417	 0.020023
367.266699	 366.244710	 367.003105	 0.024027
367.072350	 366.054362	 366.789489	 0.028032
366.357653	 365.341476	 366.070255	 0.032037
366.112343	 365.094176	 365.841104	 0.036041
366.662978	 365.640386	 366.405866	 0.040046
367.233328	 366.210266	 366.969555	 0.044050
367.038689	 366.019807	 366.756386	 0.048055
366.335190	 365.318901	 366.046696	 0.052059
366.091824	 365.072540	 365.819155	 0.056064
366.637542	 365.613631	 366.379223	 0.060069
367.207467	 366.183600	 366.941481	 0.064073
367.012895	 365.993588	 366.729072	 0.068078
366.303942	 365.287452	 366.015761	 0.072082
366.059414	 365.040264	 365.787170	 0.076087
366.611569	 365.587412	 366.353004	 0.080092
367.185495	 366.161338	 366.919867	 0.084096
366.989582	 365.969783	 366.705469	 0.088101
366.274170	 365.256852	 365.985206	 0.092105
366.023696	 365.003652	 365.750178	 0.096110
366.564809	 365.540608	 366.305909	 0.100114
367.132365	 366.108320	 366.867184	 0.104119
366.930596	 365.912027	 366.646594	 0.108124
366.215519	 365.199162	 365.927270	 0.112128
365.972041	 364.952444	 365.700288	 0.116133
366.515032	 365.491367	 366.257897	 0.120137
367.075882	 366.052731	 366.812400	 0.124142
366.882495	 365.863456	 366.599790	 0.128146
366.177051	 365.160628	 365.889183	 0.132151
365.939117	 364.919922	 365.667722	 0.136156
366.489573	 365.465796	 366.232931	 0.140160
367.066427	 366.042918	 366.802677	 0.144165
366.881533	 365.862182	 366.599209	 0.148169
366.199962	 365.182734	 365.912675	 0.152174
365.995197	 364.976315	 365.724451	 0.156178
366.578310	 365.554779	 366.321734	 0.160183
367.161802	 366.138472	 366.898431	 0.164188
366.976215	 365.956998	 366.693689	 0.168192
366.251080	 365.234098	 365.962296	 0.172197
365.987128	 364.967554	 365.714527	 0.176201
366.534612	 365.510410	 366.277031	 0.180206
367.113187	 366.089388	 366.848542	 0.184211
366.922303	 365.903287	 366.638615	 0.188215
366.217307	 365.201599	 365.929126	 0.192220
365.976981	 364.959418	 365.704826	 0.196224
366.522363	 365.500576	 366.264558	 0.200229
367.082029	 366.060174	 366.817339	 0.204233
366.887032	 365.869044	 366.603120	 0.208238
366.177610	 365.161790	 365.888647	 0.212243
365.936502	 364.917843	 365.663922	 0.216247
366.481482	 365.458666	 366.223364	 0.220252
367.048143	 366.025126	 366.783566	 0.224256
366.853639	 365.834980	 366.571068	 0.228261
366.145871	 365.129872	 365.858181	 0.232265
365.902795	 364.884450	 365.630819	 0.236270
366.453609	 365.431129	 366.195894	 0.240275
367.028139	 366.005680	 366.763516	 0.244279
366.839311	 365.821100	 366.555667	 0.248284
366.135097	 365.119545	 365.846648	 0.252288
365.895755	 364.877878	 365.623510	 0.256293
366.445183	 365.422680	 366.187087	 0.260297
367.021277	 365.998595	 366.756252	 0.264302
366.833455	 365.814774	 366.550147	 0.268307
366.130783	 365.114494	 365.842401	 0.272311
365.892156	 364.873162	 365.619643	 0.276316
366.441428	 365.417740	 366.183332	 0.280320
367.012783	 365.989028	 366.747535	 0.284325
366.819217	 365.799642	 366.534701	 0.288330
366.111538	 365.094355	 365.821748	 0.292334
365.868642	 364.849179	 365.595459	 0.296339
366.419791	 365.395835	 366.161137	 0.300343
366.994410	 365.970432	 366.729028	 0.304348
366.804398	 365.784644	 366.520665	 0.308352
366.101413	 365.084163	 365.812360	 0.312357
365.866161	 364.846541	 365.593335	 0.316362
366.420350	 365.396685	 366.162120	 0.320366
366.999461	 365.975930	 366.734392	 0.324371
366.810790	 365.791439	 366.527012	 0.328375
366.106710	 365.089952	 365.817859	 0.332380
365.870788	 364.851705	 365.598096	 0.336384
366.424776	 365.401066	 366.166121	 0.340389
366.997025	 365.973293	 366.731218	 0.344394
366.803280	 365.784018	 366.519189	 0.348398
366.092830	 365.076518	 365.804604	 0.352403
365.853197	 364.834762	 365.581333	 0.356407
366.404167	 365.381486	 366.146988	 0.360412
366.974137	 365.951857	 366.710587	 0.364416
366.779565	 365.761890	 366.497843	 0.368421
366.070255	 365.055374	 365.783571	 0.372426
365.830711	 364.813617	 365.560121	 0.376430
366.384565	 365.363135	 366.128257	 0.380435
366.961620	 365.940257	 366.697869	 0.384439
366.769238	 365.752256	 366.486936	 0.388444
366.061359	 365.047148	 365.774586	 0.392449
365.818306	 364.801726	 365.548565	 0.396453
366.368382	 365.347086	 366.112902	 0.400458
366.939357	 365.917838	 366.676903	 0.404462
366.745076	 365.727759	 366.463958	 0.408467
366.036727	 365.021846	 365.750580	 0.412471
365.799955	 364.782571	 365.529231	 0.416476
366.354748	 365.333295	 366.098373	 0.420481
366.925254	 365.903846	 366.662241	 0.424485
366.731866	 365.714527	 366.450055	 0.428490
366.026199	 365.011631	 365.739225	 0.432494
365.788667	 364.771350	 365.517094	 0.436499
366.343505	 365.321426	 366.085297	 0.440503
366.908959	 365.886769	 366.644851	 0.444508
366.707771	 365.689649	 366.426318	 0.448513
365.996583	 364.980853	 365.710190	 0.452517
365.756257	 364.738135	 365.485801	 0.456522
366.303562	 365.281104	 366.047858	 0.460526
366.872414	 365.849777	 366.609401	 0.464531
366.678021	 365.659228	 366.395450	 0.468535
365.969448	 364.952980	 365.681267	 0.472540
365.729681	 364.710330	 365.456878	 0.476545
366.279579	 365.255556	 366.020768	 0.480549
366.849816	 365.825726	 366.583831	 0.484554
366.658664	 365.638598	 366.373143	 0.488558
365.954696	 364.937178	 365.664459	 0.492563
365.719846	 364.699936	 365.445568	 0.496568
366.266726	 365.242301	 366.007401	 0.500572
366.835444	 365.811131	 366.569816	 0.504577
366.642482	 365.622214	 366.358324	 0.508581
365.937731	 364.920034	 365.648388	 0.512586
365.701138	 364.681004	 365.427754	 0.516590
366.250991	 365.226834	 365.992806	 0.520595
366.826682	 365.802369	 366.560898	 0.524600
366.639889	 365.619889	 366.354658	 0.528604
365.933149	 364.916167	 365.643314	 0.532609
365.692912	 364.673740	 365.419215	 0.536613
366.245246	 365.221671	 365.985206	 0.540618
366.815328	 365.791841	 366.548492	 0.544622
366.624690	 365.605517	 366.339548	 0.548627
365.920207	 364.903404	 365.629836	 0.552632
365.684910	 364.665604	 365.410297	 0.556636
366.240329	 365.216641	 365.979752	 0.560641
366.807706	 365.784711	 366.540714	 0.564645
366.609669	 365.591503	 366.324953	 0.568650
365.904539	 364.888652	 365.615464	 0.572654
365.676216	 364.657468	 365.401647	 0.576659
366.229645	 365.206315	 365.969180	 0.580664
366.799033	 365.775994	 366.531930	 0.584668
366.602897	 365.584886	 366.317800	 0.588673
365.895665	 364.880739	 365.606814	 0.592677
365.661776	 364.644236	 365.389108	 0.596682
366.213641	 365.191183	 365.955389	 0.600686
366.784572	 365.761890	 366.519458	 0.604691
366.591140	 365.572593	 366.307831	 0.608696
365.886322	 364.870480	 365.598365	 0.612700
365.650355	 364.632210	 365.378870	 0.616705
366.202912	 365.180454	 365.945308	 0.620709
366.770959	 365.748300	 366.506024	 0.624714
366.577349	 365.558578	 366.294063	 0.628719
365.871749	 364.855214	 365.583344	 0.632723
365.635245	 364.616095	 365.362218	 0.636728
366.186931	 365.163578	 365.928232	 0.640732
366.758577	 365.735291	 366.492613	 0.644737
366.563781	 365.544832	 366.278819	 0.648741
365.850716	 364.834538	 365.561372	 0.652746
365.613273	 364.594771	 365.340582	 0.656751
366.167708	 365.144915	 365.909657	 0.660755
366.739756	 365.716896	 366.474508	 0.664760
366.544067	 365.524984	 366.260088	 0.668764
365.836880	 364.820211	 365.548163	 0.672769
365.603237	 364.583774	 365.330188	 0.676773
366.155728	 365.131727	 365.897051	 0.680778
366.723708	 365.699685	 366.457923	 0.684783
366.524554	 365.504867	 366.240195	 0.688787
365.817412	 364.800005	 365.528247	 0.692792
365.583411	 364.563322	 365.309893	 0.696796
366.138070	 365.113689	 365.878901	 0.700801
366.707346	 365.683033	 366.440645	 0.704805
366.510360	 365.490249	 366.224906	 0.708810
365.805096	 364.787555	 365.515216	 0.712815
365.571900	 364.551789	 365.297734	 0.716819
366.126067	 365.101441	 365.865580	 0.720824
366.690672	 365.666224	 366.423591	 0.724828
366.492099	 365.471965	 366.206556	 0.728833
365.788488	 364.771283	 365.498050	 0.732838
365.557416	 364.538177	 365.283473	 0.736842
366.111672	 365.088320	 365.852526	 0.740847
366.680971	 365.657574	 366.414270	 0.744851
366.480543	 365.461259	 366.195268	 0.748856
365.769601	 364.753022	 365.479543	 0.752860
365.532181	 364.513411	 365.257992	 0.756865
366.082973	 365.059799	 365.823603	 0.760870
366.652853	 365.629612	 366.385794	 0.764874
366.453989	 365.434973	 366.167999	 0.768879
365.746646	 364.730290	 365.455850	 0.772883
365.515931	 364.497273	 365.241072	 0.776888
366.072333	 365.049517	 365.812047	 0.780892
366.641140	 365.618369	 366.373769	 0.784897
366.442791	 365.424312	 366.157113	 0.788902
365.737661	 364.721841	 365.447758	 0.792906
365.506722	 364.488645	 365.232958	 0.796911
366.063728	 365.041314	 365.804291	 0.800915
366.634435	 365.612066	 366.367890	 0.804920
366.436242	 365.418053	 366.151257	 0.808924
365.729636	 364.713951	 365.440181	 0.812929
365.501671	 364.483415	 365.232221	 0.816934
366.062923	 365.039996	 365.817099	 0.820938
366.632200	 365.609227	 366.381078	 0.824943
366.435013	 365.415885	 366.164892	 0.828947
365.730106	 364.713235	 365.454911	 0.832952
365.498162	 364.478721	 365.239172	 0.836957
366.057581	 365.033916	 365.813165	 0.840961
366.628825	 365.605003	 366.377345	 0.844966
366.432800	 365.413002	 366.162523	 0.848970
365.731112	 364.713571	 365.455760	 0.852975
365.503973	 364.483974	 365.244738	 0.856979
366.062633	 365.038453	 365.817881	 0.860984
366.630747	 365.606746	 366.379133	 0.864989
366.431123	 365.411102	 366.160869	 0.868993
365.723601	 364.705949	 365.448451	 0.872998
365.492216	 364.472127	 365.232690	 0.877002
366.046226	 365.021980	 365.801296	 0.881007
366.613089	 365.588798	 366.361185	 0.885011
366.410515	 365.390359	 366.139903	 0.889016
365.705943	 364.688090	 365.430056	 0.893021
365.478939	 364.458426	 365.218497	 0.897025
366.034715	 365.009843	 365.788310	 0.901030
366.600818	 365.576080	 366.347282	 0.905034
366.403251	 365.382871	 366.131342	 0.909039
365.701361	 364.683441	 365.424513	 0.913043
365.473061	 364.452659	 365.212216	 0.917048
366.034000	 365.009664	 365.788220	 0.921053
366.605087	 365.581422	 366.353094	 0.925057
366.406492	 365.387185	 366.136215	 0.929062
365.698567	 364.681720	 365.423373	 0.933066
365.469529	 364.450155	 365.210338	 0.937071
366.029485	 365.005999	 365.784711	 0.941076
366.601243	 365.578002	 366.349338	 0.945080
366.403430	 365.384503	 366.132862	 0.949085
365.697427	 364.681116	 365.422076	 0.953089
365.465595	 364.447093	 365.206583	 0.957094
366.023428	 365.000902	 365.779324	 0.961098
366.597376	 365.574873	 366.345963	 0.965103
366.406827	 365.388504	 366.129174	 0.969108
365.705876	 364.690168	 365.415013	 0.973112
365.477173	 364.458873	 365.202001	 0.977117
366.036570	 365.013844	 365.775793	 0.981121
366.608552	 365.585669	 366.340822	 0.985126
366.409465	 365.390784	 366.123318	 0.989130
365.703664	 364.687330	 365.412622	 0.993135
365.474625	 364.455565	 365.199073	 0.997140
366.030290	 365.006893	 365.769087	 1.001144
366.600393	 365.576952	 366.332038	 1.005149
366.404346	 365.384615	 366.117238	 1.009153
365.696936	 364.679440	 365.404843	 1.013158
365.467272	 364.447518	 365.191317	 1.017162
366.023562	 364.999561	 365.762583	 1.021167
366.593196	 365.569263	 366.325534	 1.025172
366.397775	 365.378178	 366.111829	 1.029176
365.695818	 364.678993	 365.404731	 1.033181
365.464433	 364.445462	 365.189998	 1.037185
366.020835	 364.997438	 365.760750	 1.041190
366.596370	 365.572794	 366.328574	 1.045195
366.403385	 365.383967	 366.116634	 1.049199
365.694477	 364.677629	 365.403927	 1.053204
365.462689	 364.443673	 365.188746	 1.057208
366.024836	 365.001439	 365.764706	 1.061213
366.596593	 365.573331	 366.329289	 1.065217
366.399853	 365.380949	 366.114109	 1.069222
365.693203	 364.676757	 365.403189	 1.073227
365.462868	 364.443964	 365.188612	 1.077231
366.020522	 364.997281	 365.760571	 1.081236
366.590558	 365.567385	 366.323723	 1.085240
366.394936	 365.376121	 366.109527	 1.089245
365.689828	 364.673673	 365.399076	 1.093249
365.458174	 364.439762	 365.183293	 1.097254
366.010262	 364.987737	 365.750245	 1.101259
366.581908	 365.559584	 366.315140	 1.105263
366.386599	 365.368589	 366.101592	 1.109268
365.680910	 364.665537	 365.391544	 1.113272
365.449904	 364.431961	 365.176878	 1.117277
366.002909	 364.980384	 365.744456	 1.121281
366.572945	 365.550308	 366.307585	 1.125286
366.379491	 365.360721	 366.094998	 1.129291
365.672952	 364.656395	 365.383542	 1.133295
365.440092	 364.421143	 365.166708	 1.137300
365.995287	 364.972113	 365.736208	 1.141304
366.569324	 365.546129	 366.303160	 1.145309
366.379714	 365.360475	 366.093903	 1.149314
365.675299	 364.658630	 365.384637	 1.153318
365.439399	 364.420606	 365.166059	 1.157323
366.001366	 364.978484	 365.742377	 1.161327
366.578153	 365.555270	 366.311586	 1.165332
366.387180	 365.368387	 366.101681	 1.169336
365.681737	 364.665425	 365.391320	 1.173341
365.448340	 364.429748	 365.174240	 1.177346
366.003579	 364.980495	 365.743360	 1.181350
366.576924	 365.553572	 366.309105	 1.185355
366.381190	 365.361928	 366.094506	 1.189359
365.672863	 364.656082	 365.381553	 1.193364
365.435890	 364.416583	 365.160427	 1.197368
365.989632	 364.965788	 365.728295	 1.201373
366.561859	 365.537903	 366.293347	 1.205378
366.371713	 365.351780	 366.084604	 1.209382
365.673466	 364.655948	 365.381441	 1.213387
365.440852	 364.421009	 365.164964	 1.217391
365.994102	 364.969990	 365.732520	 1.221396
366.565077	 365.541189	 366.296678	 1.225400
366.373121	 365.353501	 366.086504	 1.229405
365.673355	 364.656283	 365.381821	 1.233410
365.442260	 364.422730	 365.167021	 1.237414
365.997701	 364.973767	 365.737124	 1.241419
366.572297	 365.548028	 366.304479	 1.245423
366.378351	 365.358307	 366.092159	 1.249428
365.671522	 364.654272	 365.381150	 1.253432
365.439332	 364.419735	 365.164584	 1.257437
366.000763	 364.976830	 365.739449	 1.261442
366.575426	 365.551605	 366.307004	 1.265446
366.379737	 365.359938	 366.093031	 1.269451
365.676149	 364.658697	 365.385062	 1.273455
365.446999	 364.427379	 365.171916	 1.277460
366.000472	 364.976695	 365.740097	 1.281465
366.569257	 365.545592	 366.302623	 1.285469
366.378955	 365.359469	 366.093500	 1.289474
365.676305	 364.659658	 365.386291	 1.293478
365.446864	 364.428072	 365.172854	 1.297483
366.002708	 364.979713	 365.743383	 1.301487
366.573839	 365.550688	 366.307943	 1.305492
366.382978	 365.363962	 366.098820	 1.309497
365.680954	 364.664464	 365.392125	 1.313501
365.449547	 364.430687	 365.176408	 1.317506
366.006619	 364.983356	 365.747674	 1.321510
366.580455	 365.557059	 366.314045	 1.325515
366.387649	 365.368365	 366.102754	 1.329519
365.683346	 364.666789	 365.394114	 1.333524
365.451558	 364.432945	 365.178420	 1.337529
366.008988	 364.986039	 365.750200	 1.341533
366.582959	 365.559852	 366.316750	 1.345538
366.388834	 365.369840	 366.103894	 1.349542
365.683167	 364.666833	 365.393377	 1.353547
365.451581	 364.433034	 365.178085	 1.357551
366.008921	 364.985971	 365.749619	 1.361556
366.581662	 365.558400	 366.314850	 1.365561
366.387046	 365.367918	 366.101771	 1.369565
365.682295	 364.665425	 365.392170	 1.373570
365.452855	 364.433325	 365.178912	 1.377574
366.012319	 364.988385	 365.752837	 1.381579
366.585149	 365.561059	 366.318270	 1.385584
366.388007	 365.367918	 366.103559	 1.389588
365.685447	 364.667504	 365.404575	 1.393593
365.457481	 364.436767	 365.196704	 1.397597
366.014733	 364.989592	 365.767992	 1.401602
366.584747	 365.560076	 366.324349	 1.405606
366.385548	 365.365191	 366.099200	 1.409611
365.682809	 364.664911	 365.391298	 1.413616
365.455470	 364.435359	 365.180387	 1.417620
366.012587	 364.988229	 365.751809	 1.421625
366.579092	 365.554823	 366.311184	 1.425629
366.382911	 365.362822	 366.095736	 1.429634
365.683122	 364.665671	 365.390493	 1.433638
365.451894	 364.432162	 365.175693	 1.437643
366.007960	 364.984027	 365.746110	 1.441648
366.580053	 365.556053	 366.310804	 1.445652
366.381503	 365.361615	 366.093702	 1.449657
365.673958	 364.656574	 365.381977	 1.453661
365.443445	 364.423825	 365.168272	 1.457666
366.000584	 364.976807	 365.740499	 1.461670
366.570554	 365.546665	 366.302847	 1.465675
366.373858	 365.354127	 366.087220	 1.469680
365.668035	 364.651098	 365.377194	 1.473684
365.438930	 364.419735	 365.164629	 1.477689
365.999578	 364.976226	 365.739561	 1.481693
366.571001	 365.547581	 366.303830	 1.485698
366.373724	 365.354194	 366.090930	 1.489703
365.672326	 364.654741	 365.394003	 1.493707
365.444517	 364.424384	 365.183896	 1.497712
366.002194	 364.977768	 365.755967	 1.501716
366.570129	 365.545793	 366.317018	 1.505721
366.371914	 365.351914	 366.100295	 1.509725
365.667364	 364.649980	 365.387431	 1.513730
365.444406	 364.424429	 365.170150	 1.517735
366.005435	 364.981032	 365.743181	 1.521739
366.574868	 365.550241	 366.305350	 1.525744
366.377010	 365.356586	 366.088918	 1.529748
365.675478	 364.657490	 365.382402	 1.533753
365.448004	 364.427848	 365.171826	 1.537757
366.004093	 364.979869	 365.742466	 1.541762
366.568810	 365.544653	 366.299494	 1.545767
366.374529	 365.354216	 366.086594	 1.549771
365.680328	 364.662385	 365.387811	 1.553776
365.452341	 364.432140	 365.175358	 1.557780
366.004071	 364.979668	 365.740924	 1.561785
366.567313	 365.543223	 366.298376	 1.565789
366.375490	 365.355558	 366.088538	 1.569794
365.679054	 364.661558	 365.386738	 1.573799
365.450955	 364.431201	 365.174508	 1.577803
366.004540	 364.980384	 365.742131	 1.581808
366.572163	 365.547984	 366.303204	 1.585812
366.374328	 365.354127	 366.087331	 1.589817
365.669264	 364.651723	 365.377954	 1.593822
365.438594	 364.418684	 365.163444	 1.597826
365.992180	 364.968090	 365.731469	 1.601831
366.562127	 365.538194	 366.294308	 1.605835
366.366438	 365.346594	 366.079709	 1.609840
365.663252	 364.645957	 365.371696	 1.613844
365.438013	 364.418394	 365.161701	 1.617849
365.996002	 364.972046	 365.733526	 1.621854
366.564295	 365.540094	 366.294331	 1.625858
366.368717	 365.348539	 366.079843	 1.629863
365.665397	 364.647879	 365.371986	 1.633867
365.435309	 364.415778	 365.158862	 1.637872
365.988693	 364.965050	 365.727044	 1.641876
366.552583	 365.528962	 366.284071	 1.645881
366.351104	 365.331686	 366.064533	 1.649886
365.649036	 364.632255	 365.357770	 1.653890
365.421987	 364.403150	 365.147239	 1.657895
365.979730	 364.956534	 365.719399	 1.661899
366.548269	 365.525073	 366.280808	 1.665904
366.352356	 365.333206	 366.065740	 1.669908
365.653752	 364.636882	 365.361615	 1.673913
365.426167	 364.406950	 365.150212	 1.677918
365.981876	 364.958166	 365.720114	 1.681922
366.553142	 365.529365	 366.284161	 1.685927
366.357497	 365.337676	 366.069919	 1.689931
365.653171	 364.635854	 365.360922	 1.693936
365.426591	 364.406860	 365.150257	 1.697941
365.985139	 364.961005	 365.722953	 1.701945
366.551890	 365.527554	 366.282998	 1.705950
366.354971	 365.334681	 366.067349	 1.709954
365.654289	 364.636681	 365.361324	 1.713959
365.423395	 364.403820	 365.146859	 1.717963
365.977227	 364.953628	 365.715756	 1.721968
366.545944	 365.522100	 366.276986	 1.725973
366.348288	 365.328288	 366.060956	 1.729977
365.645817	 364.627941	 365.354239	 1.733982
365.420266	 364.399596	 365.143685	 1.737986
365.977383	 364.952399	 365.714683	 1.741991
366.545363	 365.520759	 366.276293	 1.745995
366.347215	 365.327081	 366.059682	 1.750000
365.646868	 364.629640	 365.354462	 1.754005
365.420512	 364.401160	 365.144468	 1.758009
365.980646	 364.956892	 365.718773	 1.762014
366.549208	 365.525386	 366.280450	 1.766018
366.352758	 365.333072	 366.065583	 1.770023
365.649684	 364.632836	 365.358486	 1.774027
365.420623	 364.401429	 365.146144	 1.778032
365.980177	 364.956534	 365.719444	 1.782037
366.552628	 365.529007	 366.284049	 1.786041
366.358614	 365.339263	 366.071506	 1.790046
365.653149	 364.636144	 365.361883	 1.794050
365.422032	 364.402412	 365.146859	 1.798055
365.980110	 364.956199	 365.719220	 1.802059
366.548023	 365.524023	 366.279914	 1.806064
366.348489	 365.328579	 366.061895	 1.810069
365.647561	 364.630087	 365.356407	 1.814073
365.419394	 364.399372	 365.144378	 1.818078
365.977383	 364.952958	 365.716315	 1.822082
366.549096	 365.524537	 366.279713	 1.826087
366.353339	 365.332871	 366.065203	 1.830092
365.649125	 364.631540	 365.356765	 1.834096
365.417204	 364.397472	 365.141450	 1.838101
365.974544	 364.950723	 365.713275	 1.842105
366.547576	 365.523978	 366.279288	 1.846110
366.351618	 365.332044	 366.064577	 1.850114
365.646913	 364.629863	 365.355133	 1.854119
365.419014	 364.399529	 365.143238	 1.858124
365.980579	 364.956825	 365.719064	 1.862128
366.550169	 365.526526	 366.281903	 1.866133
366.354636	 365.335061	 366.067751	 1.870137
365.653193	 364.636278	 365.361525	 1.874142
365.428514	 364.409028	 365.153051	 1.878146
365.983105	 364.959462	 365.722976	 1.882151
366.550504	 365.527107	 366.283691	 1.886156
366.349629	 365.330680	 366.064220	 1.890160
365.648321	 364.632322	 365.357860	 1.894165
365.420668	 364.402546	 365.146345	 1.898169
365.980088	 364.957764	 365.720070	 1.902174
366.548001	 365.525610	 366.280540	 1.906178
366.350903	 365.332558	 366.064287	 1.910183
365.645460	 364.630020	 365.354842	 1.914188
365.413404	 364.395952	 365.140109	 1.918192
365.968576	 364.946699	 365.709766	 1.922197
366.540647	 365.518345	 366.273901	 1.926201
366.342231	 365.323997	 366.056799	 1.930206
365.638329	 364.622443	 365.347869	 1.934211
365.412309	 364.393941	 365.138097	 1.938215
365.974276	 364.951684	 365.714415	 1.942220
366.544782	 365.522056	 366.277589	 1.946224
366.347863	 365.328847	 366.061560	 1.950229
365.643001	 364.626287	 365.352071	 1.954233
365.417092	 364.397718	 365.142076	 1.958238
365.978232	 364.954411	 365.717142	 1.962243
366.554013	 365.530013	 366.285055	 1.966247
366.356089	 365.336179	 366.068399	 1.970252
365.652009	 364.634602	 365.359246	 1.974256
365.426860	 364.406838	 365.150033	 1.978261
365.985229	 364.960870	 365.722931	 1.982265
366.551845	 365.527420	 366.282686	 1.986270
366.353541	 365.332982	 366.065494	 1.990275
365.650779	 364.632456	 365.358128	 1.994279
365.422948	 364.402122	 365.146479	 1.998284
365.986279	 364.961005	 365.723355	 2.002288
366.555466	 365.530125	 366.285167	 2.006293
366.355642	 365.334234	 366.066231	 2.010297
365.652970	 364.634088	 365.358709	 2.014302
365.423753	 364.402770	 365.145988	 2.018307
365.979305	 364.954411	 365.716114	 2.022311
366.546011	 365.521251	 366.276226	 2.026316
366.347014	 365.326500	 366.059503	 2.030320
365.642643	 364.624723	 365.350528	 2.034325
365.414633	 364.394433	 365.138634	 2.038330
365.974164	 364.949560	 365.712470	 2.042334
366.543776	 365.518949	 366.274639	 2.046339
366.343907	 365.323036	 366.056642	 2.050343
365.639604	 364.621146	 365.347310	 2.054348
365.414857	 364.394120	 365.138299	 2.058352
365.972466	 364.947549	 365.710302	 2.062357
366.539306	 365.514322	 366.270213	 2.066362
366.342007	 365.321024	 366.053647	 2.070366
365.639089	 364.620744	 365.346036	 2.074371
365.413694	 364.393114	 365.136578	 2.078375
365.974433	 364.949672	 365.711688	 2.082380
366.541698	 365.516982	 366.271823	 2.086384
366.342074	 365.321672	 366.053737	 2.090389
365.639604	 364.621862	 365.346505	 2.094394
365.414968	 364.395014	 365.138187	 2.098398
365.973047	 364.948845	 365.710526	 2.102403
366.539552	 365.515238	 366.269654	 2.106407
366.340554	 365.320376	 366.052150	 2.110412
365.635468	 364.617972	 365.342817	 2.114416
365.409068	 364.389292	 365.133046	 2.118421
365.967146	 364.943168	 365.705474	 2.122426
366.532846	 365.508935	 366.264156	 2.126430
366.334810	 365.315347	 366.047232	 2.130435
365.631110	 364.614307	 365.339040	 2.134439
365.401177	 364.382027	 365.125849	 2.138444
365.955903	 364.932327	 365.695192	 2.142449
366.521536	 365.497737	 366.253762	 2.146453
366.325333	 365.305490	 366.038135	 2.150458
365.624516	 364.606975	 365.332155	 2.154462
365.398987	 364.379144	 365.122339	 2.158467
365.957289	 364.933177	 365.694969	 2.162471
366.524263	 365.500017	 366.255014	 2.166476
366.322986	 365.302651	 366.034894	 2.170481
365.619420	 364.601477	 365.326657	 2.174485
365.394405	 364.373824	 365.117579	 2.178490
365.952036	 364.927119	 365.689358	 2.182494
366.520866	 365.495792	 366.250432	 2.186499
366.323992	 365.302964	 366.034939	 2.190503
365.622169	 364.603734	 365.328892	 2.194508
365.394070	 364.373332	 365.117422	 2.198513
365.949578	 364.924504	 365.687213	 2.202517
366.517736	 365.492820	 366.247929	 2.206522
366.320326	 365.299745	 366.031988	 2.210526
365.619733	 364.601857	 365.326858	 2.214531
365.396238	 364.376104	 365.119545	 2.218535
365.955970	 364.931456	 365.693672	 2.222540
366.525001	 365.500509	 366.255618	 2.226545
366.325757	 365.305266	 366.037465	 2.230549
365.623778	 364.605724	 365.330993	 2.234554
365.396752	 364.376506	 365.120462	 2.238558
365.953802	 364.929489	 365.691728	 2.242563
366.529225	 365.504979	 366.258881	 2.246568
366.330138	 365.309938	 366.041063	 2.250572
365.628785	 364.610932	 365.335240	 2.254577
365.407145	 364.386676	 365.129112	 2.258581
365.965157	 364.940396	 365.701674	 2.262586
366.528309	 365.503705	 366.258657	 2.266590
366.331524	 365.310921	 366.043097	 2.270595
365.630953	 364.612876	 365.337676	 2.274600
365.409738	 364.389515	 365.132442	 2.278604
365.970409	 364.946297	 365.707307	 2.282609
366.536132	 365.511908	 366.266168	 2.286613
366.336464	 365.316129	 366.048417	 2.290618
365.634127	 364.616162	 365.342035	 2.294622
365.412018	 364.391683	 365.136242	 2.298627
365.974231	 364.949382	 365.711844	 2.302632
366.540312	 365.515373	 366.270683	 2.306636
366.342275	 365.321270	 366.053737	 2.310641
365.646153	 364.627472	 365.352272	 2.314645
365.426100	 364.405184	 365.148133	 2.318650
365.987754	 364.962480	 365.723355	 2.322654
366.551935	 365.526705	 366.280964	 2.326659
366.347193	 365.326076	 366.059012	 2.330664
365.647315	 364.628724	 365.354865	 2.334668
365.427843	 364.406793	 365.150749	 2.338673
365.987777	 364.962413	 365.724697	 2.342677
366.555556	 365.530147	 366.284965	 2.346682
366.353094	 365.331775	 366.063884	 2.350686
365.650489	 364.631897	 365.357457	 2.354691
365.427061	 364.406033	 365.150033	 2.358696
365.985229	 364.959865	 365.722305	 2.362700
366.553656	 365.528627	 366.283356	 2.366705
366.354613	 365.333608	 366.065360	 2.370709
365.652500	 364.634155	 365.358933	 2.374714
365.428760	 364.408246	 365.152224	 2.378719
365.985050	 364.960602	 365.723378	 2.382723
366.552851	 365.528471	 366.283468	 2.386728
366.349338	 365.329026	 366.061090	 2.390732
365.645303	 364.627360	 365.352629	 2.394737
365.429117	 364.408715	 365.152067	 2.398741
365.993298	 364.968783	 365.729838	 2.402746
366.560540	 365.536026	 366.289704	 2.406751
366.359218	 365.338816	 366.070210	 2.410755
365.656814	 364.639251	 365.363179	 2.414760
365.436136	 364.416628	 365.159086	 2.418764
366.000584	 364.977277	 365.738152	 2.422769
366.568698	 365.545503	 366.299516	 2.426773
366.368270	 365.348986	 366.080559	 2.430778
365.669644	 364.652685	 365.377708	 2.434783
365.453190	 364.433727	 365.177436	 2.438787
366.023606	 364.999315	 365.761242	 2.442792
366.591520	 365.567251	 366.322472	 2.446796
366.395897	 365.375428	 366.108141	 2.450801
365.700244	 364.681764	 365.407659	 2.454805
365.493088	 364.471948	 365.215300	 2.458810
366.070500	 365.044600	 365.805632	 2.462815
366.652808	 365.626997	 366.379960	 2.466819
366.466775	 365.445523	 366.174928	 2.470824
365.780129	 364.761292	 365.482851	 2.474828
365.582607	 364.560797	 365.299857	 2.478833
366.165093	 365.138075	 365.895464	 2.482838
366.749055	 365.721411	 366.472161	 2.486842
366.563714	 365.539937	 366.268492	 2.490847
365.879080	 364.857628	 365.579477	 2.494851
365.676640	 364.652685	 365.393556	 2.498856
366.257540	 365.230030	 365.989028	 2.502860
366.834640	 365.808002	 366.558864	 2.506865
366.640425	 365.617967	 366.346187	 2.510870
365.945755	 364.925935	 365.648142	 2.514874
365.740052	 364.717281	 365.458353	 2.518879
366.325959	 365.298404	 366.057603	 2.522883
366.907663	 365.879035	 366.631552	 2.526888
366.725719	 365.699529	 366.430699	 2.530892
366.067751	 365.041761	 365.767232	 2.534897
365.910753	 364.878929	 365.622326	 2.538902
366.514719	 365.476995	 366.237222	 2.542906
367.094210	 366.054832	 366.807460	 2.546911
366.926170	 365.889138	 366.620130	 2.550915
366.305596	 365.270241	 365.995376	 2.554920
366.179666	 365.139327	 365.881181	 2.558924
366.776905	 365.731827	 366.490154	 2.562929
367.330848	 366.287514	 367.038443	 2.566934
367.159969	 366.123184	 366.853594	 2.570938
366.565614	 365.532337	 366.257361	 2.574943
366.447597	 365.411549	 366.154767	 2.578947
367.026082	 365.985921	 366.746507	 2.582952
367.562636	 366.519033	 367.274745	 2.586957
367.383665	 366.341292	 367.079346	 2.590961
366.783231	 365.742690	 366.477056	 2.594966
366.646460	 365.604400	 366.357050	 2.598970
367.192357	 366.147547	 366.916603	 2.602975
367.694556	 366.652070	 367.413259	 2.606979
367.499984	 366.463824	 367.204896	 2.610984
366.903483	 365.871570	 366.607278	 2.614989
366.774223	 365.742936	 366.494669	 2.618993
367.317817	 366.285457	 367.050893	 2.622998
367.810740	 366.781576	 367.537892	 2.627002
367.616548	 366.592078	 367.328010	 2.631007
367.022282	 366.000852	 366.731307	 2.635011
366.883076	 365.860059	 366.606428	 2.639016
367.405570	 366.379022	 367.140121	 2.643021
367.878690	 366.852901	 367.606110	 2.647025
367.669768	 366.647935	 367.381654	 2.651030
367.068327	 366.049177	 366.778090	 2.655034
366.932250	 365.912585	 366.657167	 2.659039
367.455012	 366.433202	 367.191887	 2.663043
367.916665	 366.897157	 367.647617	 2.667048
367.702938	 366.689331	 367.419831	 2.671053
367.106459	 366.096406	 366.822435	 2.675057
366.971700	 365.960798	 366.703547	 2.679062
367.488585	 366.476162	 367.232501	 2.683066
367.943979	 366.932719	 367.682240	 2.687071
367.721512	 366.716712	 367.445803	 2.691076
367.126911	 366.123094	 366.846665	 2.695080
366.993069	 365.985430	 366.725339	 2.699085
367.500297	 366.489305	 367.243833	 2.703089
367.943510	 366.933770	 367.681055	 2.707094
367.720998	 366.714857	 367.443769	 2.711098
367.125391	 366.123049	 366.847961	 2.715103
366.985737	 365.985541	 366.727306	 2.719108
367.486528	 366.485215	 367.241061	 2.723112
367.931060	 366.928964	 367.676317	 2.727117
367.707185	 366.704932	 367.433443	 2.731121
367.112360	 366.108565	 366.834483	 2.735126
366.985022	 365.977517	 366.721115	 2.739130
367.500610	 366.490691	 367.247364	 2.743135
367.952942	 366.944767	 367.693125	 2.747140
367.750435	 366.744853	 367.474190	 2.751144
367.192692	 366.186864	 366.912155	 2.755149
367.102615	 366.091489	 366.833343	 2.759153
367.650657	 366.634301	 367.390125	 2.763158
368.134326	 367.117009	 367.864876	 2.767162
367.967828	 366.952120	 367.682151	 2.771167
367.453492	 366.438187	 367.165579	 2.775172
367.410599	 366.394467	 367.138847	 2.779176
368.010989	 366.992689	 367.752045	 2.783181
368.554606	 367.536641	 368.289716	 2.787185
368.459790	 367.445401	 368.180840	 2.791190
368.025920	 367.013163	 367.744981	 2.795195
368.068791	 367.053687	 367.802559	 2.799199
368.741243	 367.723501	 368.486590	 2.803204
369.331039	 368.314459	 369.069769	 2.807208
369.262821	 368.249438	 368.986822	 2.811213
368.849247	 367.836311	 368.570431	 2.815217
368.904322	 367.888345	 368.638314	 2.819222
369.566850	 368.548013	 369.311213	 2.823227
370.135143	 369.117177	 369.871616	 2.827231
370.035901	 369.021199	 369.756147	 2.831236
369.579009	 368.565223	 369.296572	 2.835240
369.580149	 368.564665	 369.312710	 2.839245
370.182886	 369.165368	 369.926020	 2.843249
370.683900	 369.666829	 370.417155	 2.847254
370.520330	 369.507126	 370.240151	 2.851259
370.025418	 369.014270	 369.744054	 2.855263
370.006039	 368.990085	 369.738981	 2.859268
370.602473	 369.583479	 370.346791	 2.863272
371.106214	 370.087735	 370.843917	 2.867277
370.965890	 369.950473	 370.688147	 2.871281
370.497308	 369.483969	 370.216570	 2.875286
370.497532	 369.482315	 370.231479	 2.879291
371.096670	 370.078615	 370.840899	 2.883295
371.581234	 370.564497	 371.318802	 2.887300
371.412947	 370.400682	 371.136792	 2.891304
370.920471	 369.909793	 370.641320	 2.895309
370.899036	 369.886480	 370.633542	 2.899314
371.461048	 370.446681	 371.208138	 2.903318
371.907860	 370.894834	 371.647417	 2.907323
371.700525	 370.691187	 371.424906	 2.911327
371.164843	 370.156958	 370.888754	 2.915332
371.096670	 370.086684	 370.835132	 2.919336
371.616527	 370.604217	 371.366925	 2.923341
372.029855	 371.017813	 371.782310	 2.927346
371.793530	 370.783992	 371.533535	 2.931350
371.224790	 370.216481	 370.963387	 2.935355
371.124431	 370.115406	 370.878517	 2.939359
371.611364	 370.601780	 371.375106	 2.943364
371.988728	 370.979659	 371.743932	 2.947368
371.711164	 370.705090	 371.450387	 2.951373
371.096402	 370.092093	 370.833434	 2.955378
370.948590	 369.942605	 370.698988	 2.959382
371.395133	 370.386198	 371.155992	 2.963387
371.728442	 370.720580	 371.482014	 2.967391
371.411562	 370.406851	 371.150337	 2.971396
370.770603	 369.765534	 370.505467	 2.975400
370.611034	 369.602680	 370.359688	 2.979405
371.045351	 370.034381	 370.806388	 2.983410
371.391244	 370.380386	 371.145308	 2.987414
371.099486	 370.092116	 370.839402	 2.991419
370.487205	 369.480907	 370.224684	 2.995423
370.353810	 369.344405	 370.105527	 2.999428
370.823822	 369.811735	 370.585910	 3.003432
371.195577	 370.184272	 370.940051	 3.007437
370.931155	 369.922444	 370.653480	 3.011442
370.337068	 369.325764	 370.052598	 3.015446
370.213061	 369.197375	 369.941152	 3.019451
370.692886	 369.672864	 370.430432	 3.023455
371.070295	 370.050117	 370.799593	 3.027460
370.806388	 369.787685	 370.517246	 3.031465
370.212100	 369.193576	 369.919359	 3.035469
370.084091	 369.062706	 369.804963	 3.039474
370.552673	 369.528047	 370.283916	 3.043478
370.916470	 369.892157	 370.641857	 3.047483
370.631799	 369.609676	 370.340019	 3.051487
370.008945	 368.987291	 369.714304	 3.055492
369.851052	 368.826091	 369.569487	 3.059497
370.292566	 369.263000	 370.019607	 3.063501
370.633497	 369.604647	 370.352134	 3.067506
370.318941	 369.293734	 370.023049	 3.071510
369.668908	 368.643723	 369.369908	 3.075515
369.487479	 368.457890	 369.201533	 3.079519
369.909815	 368.873633	 369.633078	 3.083524
370.239704	 369.200750	 369.955748	 3.087529
369.922555	 368.885412	 369.623154	 3.091533
369.276813	 368.235647	 368.969969	 3.095538
369.096234	 368.051468	 368.798598	 3.099542
369.524024	 368.479974	 369.235910	 3.103547
369.862362	 368.820994	 369.569867	 3.107551
369.552165	 368.512406	 369.241989	 3.111556
368.895604	 367.851577	 368.575729	 3.115561
368.684470	 367.639302	 368.378922	 3.119565
369.082867	 368.037141	 368.789456	 3.123570
369.395412	 368.349149	 369.093015	 3.127574
369.053564	 368.006497	 368.730671	 3.131579
368.354536	 367.308206	 368.027932	 3.135584
368.105515	 367.062493	 367.798424	 3.139588
368.469692	 367.427587	 368.176527	 3.143593
368.760511	 367.719612	 368.459656	 3.147597
368.397474	 367.358341	 368.079162	 3.151602
367.677367	 366.636313	 367.351971	 3.155606
367.405771	 366.361855	 367.092802	 3.159611
367.754257	 366.706050	 367.451279	 3.163616
368.035599	 366.988464	 367.726921	 3.167620
367.679200	 366.635888	 367.356843	 3.171625
366.970583	 365.928701	 366.646930	 3.175629
366.720467	 365.677557	 366.412884	 3.179634
367.097474	 366.052038	 366.802408	 3.183638
367.419898	 366.373612	 367.117389	 3.187643
367.100446	 366.057961	 366.783946	 3.191648
366.432241	 365.393310	 366.115360	 3.195652
366.242832	 365.203230	 365.941441	 3.199657
366.696394	 365.654512	 366.406268	 3.203661
367.085225	 366.044058	 366.788774	 3.207666
366.831957	 365.793004	 366.521961	 3.211670
366.232171	 365.194200	 365.920990	 3.215675
366.098239	 365.058011	 365.801207	 3.219680
366.596392	 365.554980	 366.309999	 3.223684
367.021992	 365.983485	 366.729698	 3.227689
366.786092	 365.752435	 366.480230	 3.231693
366.195693	 365.164562	 365.889116	 3.235698
366.061917	 365.031457	 365.769914	 3.239703
366.554259	 365.522659	 366.273410	 3.243707
366.983614	 365.953981	 366.697132	 3.247712
366.748988	 365.723110	 366.449050	 3.251716
366.142406	 365.120060	 365.841261	 3.255721
365.993029	 364.971242	 365.706413	 3.259725
366.467199	 365.444383	 366.193591	 3.263730
366.874381	 365.852034	 366.596437	 3.267735
366.626835	 365.607708	 366.334609	 3.271739
366.007714	 364.991001	 365.713588	 3.275744
365.845061	 364.827296	 365.564993	 3.279748
366.317264	 365.297778	 366.048462	 3.283753
366.732850	 365.715398	 366.456649	 3.287757
366.485885	 365.472100	 366.195491	 3.291762
365.870944	 364.860019	 365.578829	 3.295767
365.716181	 364.704295	 365.437790	 3.299771
366.208321	 365.193172	 365.940525	 3.303776
366.646997	 365.631222	 366.370908	 3.307780
366.420238	 365.407414	 366.127788	 3.311785
365.817859	 364.806107	 365.522771	 3.315789
365.676305	 364.663726	 365.395075	 3.319794
366.181946	 365.166752	 365.911870	 3.323799
366.632803	 365.617967	 366.356759	 3.327803
366.422876	 365.410833	 366.131677	 3.331808
365.829772	 364.818400	 365.536048	 3.335812
365.693538	 364.679708	 365.415036	 3.339817
366.208835	 365.191272	 365.942425	 3.343822
366.668074	 365.649841	 366.394243	 3.347826
366.445719	 365.429676	 366.156845	 3.351831
365.830890	 364.815763	 365.539915	 3.355835
365.679121	 364.662095	 365.403927	 3.359840
366.183801	 365.163623	 365.920498	 3.363844
366.648561	 365.628696	 366.377949	 3.367849
366.434968	 365.419327	 366.148866	 3.371854
365.829370	 364.816523	 365.540630	 3.375858
365.684910	 364.670588	 365.410789	 3.379863
366.205259	 365.187405	 365.942134	 3.383867
366.677350	 365.658021	 366.406872	 3.387872
366.457677	 365.440785	 366.170703	 3.391876
365.840479	 364.828682	 365.549258	 3.395881
365.688554	 364.677227	 365.412175	 3.399886
366.206980	 365.191473	 365.941441	 3.403890
366.670757	 365.654579	 366.396188	 3.407895
366.435057	 365.420512	 366.143300	 3.411899
365.791797	 364.779687	 365.497066	 3.415904
365.611731	 364.599353	 365.331149	 3.419908
366.104073	 365.088454	 365.834377	 3.423913
366.543843	 365.527107	 366.266168	 3.427918
366.280830	 365.267045	 365.985720	 3.431922
365.606098	 364.594056	 365.308239	 3.435927
365.400708	 364.386162	 365.117221	 3.439931
365.886255	 364.868491	 365.613430	 3.443936
366.330898	 365.312106	 366.048797	 3.447941
366.067595	 365.050479	 365.768283	 3.451945
365.387610	 364.371187	 365.084498	 3.455950
365.177749	 364.159806	 364.888495	 3.459954
365.665375	 364.644414	 365.387342	 3.463959
366.114980	 365.093595	 365.828811	 3.467963
365.846312	 364.827386	 365.543938	 3.471968
365.153654	 364.136628	 364.848754	 3.475973
364.937692	 363.918631	 364.648281	 3.479977
365.419305	 364.396914	 365.143507	 3.483982
365.859746	 364.837489	 365.585624	 3.487986
365.594319	 364.575102	 365.309155	 3.491991
364.917083	 363.899006	 364.629372	 3.495995
364.723696	 363.704121	 364.453039	 3.500000
