366.186953	 365.156113	 365.904203	 0.000000
366.736538	 365.705988	 366.447172	 0.004005
366.504571	 365.475653	 366.196229	 0.008009
365.807912	 364.781386	 365.492708	 0.012014
365.611060	 364.583506	 365.311815	 0.016018
366.182036	 365.149430	 365.899398	 0.020023
366.733051	 365.700445	 366.443752	 0.024027
366.504728	 365.476637	 366.195178	 0.028032
365.801229	 364.774189	 365.487232	 0.032037
365.604020	 364.574632	 365.306942	 0.036041
366.183399	 365.152112	 365.899979	 0.040046
366.726122	 365.695259	 366.437158	 0.044050
366.493150	 365.464835	 366.186059	 0.048055
365.784957	 364.758297	 365.472524	 0.052059
365.586093	 364.557354	 365.290425	 0.056064
366.162456	 365.128710	 365.880108	 0.060069
366.697132	 365.661687	 366.406291	 0.064073
366.460203	 365.430078	 366.151034	 0.068078
365.761800	 364.735520	 365.448943	 0.072082
365.567564	 364.539115	 365.271180	 0.076087
366.145893	 365.112304	 365.863546	 0.080092
366.686894	 365.652500	 366.395919	 0.084096
366.442881	 365.412398	 366.132683	 0.088101
365.732967	 364.705278	 365.419551	 0.092105
365.532829	 364.501743	 365.236467	 0.096110
366.096808	 365.059576	 365.813522	 0.100114
366.624757	 365.587144	 366.332575	 0.104119
366.372003	 365.339129	 366.061649	 0.108124
365.655540	 364.625259	 365.342057	 0.112128
365.453123	 364.421031	 365.156694	 0.116133
366.028569	 364.992968	 365.745931	 0.120137
366.574398	 365.539423	 366.284496	 0.124142
366.340621	 365.308909	 366.033039	 0.128146
365.641302	 364.609233	 365.330412	 0.132151
365.422121	 364.380083	 365.128173	 0.136156
365.978970	 364.937111	 365.697271	 0.140160
366.526722	 365.490003	 366.235948	 0.144165
366.286754	 365.250907	 365.978165	 0.148169
365.567251	 364.533706	 365.254930	 0.152174
365.369237	 364.336251	 365.072696	 0.156178
365.954785	 364.921665	 365.671634	 0.160183
366.510651	 365.478894	 366.219184	 0.164188
366.280115	 365.250527	 365.971080	 0.168192
365.579142	 364.550917	 365.267849	 0.172197
365.394338	 364.363118	 365.099652	 0.176201
365.981093	 364.946409	 365.699730	 0.180206
366.528868	 365.494317	 366.239256	 0.184211
366.291917	 365.259222	 365.984200	 0.188215
365.581623	 364.552102	 365.269794	 0.192220
365.387543	 364.358424	 365.092232	 0.196224
365.973024	 364.940419	 365.691571	 0.200229
366.520039	 365.486494	 366.230874	 0.204233
366.286172	 365.257411	 365.978635	 0.208238
365.586809	 364.560126	 365.275404	 0.212243
365.399166	 364.368840	 365.103899	 0.216247
365.979194	 364.945582	 365.697003	 0.220252
366.525358	 365.493647	 366.234540	 0.224256
366.286307	 365.257947	 365.977517	 0.228261
365.579835	 364.552370	 365.267536	 0.232265
365.389577	 364.360793	 365.093975	 0.236270
365.966699	 364.934451	 365.685313	 0.240275
366.508282	 365.475877	 366.218983	 0.244279
366.272292	 365.244447	 365.964553	 0.248284
365.574471	 364.548615	 365.263111	 0.252288
365.393421	 364.364839	 365.098244	 0.256293
365.979506	 364.946476	 365.697249	 0.260297
366.521156	 365.487522	 366.230919	 0.264302
366.280428	 365.250594	 365.971996	 0.268307
365.579231	 364.552035	 365.267246	 0.272311
365.399166	 364.370539	 365.103989	 0.276316
365.984089	 364.951483	 365.702524	 0.280320
366.524442	 365.491121	 366.234719	 0.284325
366.283915	 365.254371	 365.976333	 0.288330
365.586451	 364.559612	 365.275382	 0.292334
365.407481	 364.378563	 365.112393	 0.296339
365.992828	 364.960200	 365.711174	 0.300343
366.537004	 365.504510	 366.247414	 0.304348
366.296342	 365.267849	 365.988961	 0.308352
365.596666	 364.570073	 365.292436	 0.312357
365.417941	 364.388286	 365.136510	 0.316362
365.999802	 364.965877	 365.732028	 0.320366
366.537875	 365.504107	 366.262055	 0.324371
366.290553	 365.261256	 365.996606	 0.328375
365.588753	 364.561847	 365.290916	 0.332380
365.408777	 364.378987	 365.127145	 0.336384
365.991174	 364.957473	 365.723378	 0.340389
366.533159	 365.499905	 366.257383	 0.344394
366.292319	 365.262954	 365.998125	 0.348398
365.591368	 364.564261	 365.286602	 0.352403
365.416913	 364.387615	 365.119657	 0.356407
365.999578	 364.966123	 365.715868	 0.360412
366.539708	 365.506052	 366.247571	 0.364416
366.299695	 365.269727	 365.989207	 0.368421
365.599482	 364.571570	 365.285910	 0.372426
365.417360	 364.386878	 365.120909	 0.376430
366.004384	 364.969789	 365.720807	 0.380435
366.546213	 365.511975	 366.255059	 0.384439
366.305350	 365.275359	 365.996494	 0.388444
365.608602	 364.581070	 365.296147	 0.392449
365.431777	 364.401719	 365.135974	 0.396453
366.017840	 364.983803	 365.735582	 0.400458
366.558238	 365.524783	 366.267978	 0.404462
366.319387	 365.289978	 366.010195	 0.408467
365.624583	 364.597610	 365.311480	 0.412471
365.445881	 364.416896	 365.149430	 0.416476
366.033888	 365.001394	 365.750915	 0.420481
366.573862	 365.541949	 366.283155	 0.424485
366.333402	 365.305266	 366.024322	 0.428490
365.638307	 364.611982	 365.325472	 0.432494
365.458621	 364.429525	 365.162506	 0.436499
366.046741	 365.013151	 365.763902	 0.440503
366.588592	 365.555047	 366.297348	 0.444508
366.344309	 365.314922	 366.034760	 0.448513
365.644119	 364.617235	 365.331485	 0.452517
365.467875	 364.438823	 365.171625	 0.456522
366.053312	 365.020505	 365.770652	 0.460526
366.586401	 365.553885	 366.301439	 0.464531
366.346410	 365.317448	 366.051613	 0.468535
365.648298	 364.621325	 365.350886	 0.472540
365.470334	 364.440790	 365.189194	 0.476545
366.055726	 365.022204	 365.788332	 0.480549
366.593464	 365.560478	 366.318538	 0.484554
366.350121	 365.321270	 366.057045	 0.488558
365.648924	 364.622018	 365.352004	 0.492563
365.471407	 364.441706	 365.190423	 0.496568
366.058810	 365.024931	 365.790970	 0.500572
366.598873	 365.564949	 366.322718	 0.504577
366.351618	 365.321650	 366.057022	 0.508581
365.651048	 364.623180	 365.352697	 0.512586
365.471340	 364.440835	 365.189194	 0.516590
366.056732	 365.022047	 365.787639	 0.520595
366.594425	 365.560031	 366.316995	 0.524600
366.350031	 365.319459	 366.054094	 0.528604
365.647695	 364.618978	 365.348070	 0.532609
365.470982	 364.439605	 365.187808	 0.536613
366.054117	 365.018739	 365.784577	 0.540618
366.590938	 365.555628	 366.313352	 0.544622
366.344108	 365.312754	 366.048149	 0.548627
365.646063	 364.616944	 365.346863	 0.552632
365.472390	 364.440723	 365.189775	 0.556636
366.059325	 365.023679	 365.789874	 0.560641
366.595744	 365.560478	 366.318448	 0.564645
366.348936	 365.317560	 366.053468	 0.568650
365.649349	 364.619917	 365.350260	 0.572654
365.475586	 364.443405	 365.192747	 0.576659
366.061828	 365.025579	 365.792266	 0.580664
366.601354	 365.565552	 366.323634	 0.584668
366.356960	 365.325517	 366.061068	 0.588673
365.663185	 364.633931	 365.363627	 0.592677
365.487858	 364.456079	 365.204884	 0.596682
366.073831	 365.038073	 365.804179	 0.600686
366.616710	 365.581243	 366.338990	 0.604691
366.373456	 365.342281	 366.077429	 0.608696
365.672192	 364.643610	 365.372768	 0.612700
365.495837	 364.465064	 365.212797	 0.616705
366.085744	 365.051149	 365.816115	 0.620709
366.624980	 365.590608	 366.347550	 0.624714
366.381190	 365.350998	 366.085633	 0.628719
365.682474	 364.654719	 365.383497	 0.632723
365.505091	 364.475033	 365.222699	 0.636728
366.088941	 365.055172	 365.820027	 0.640732
366.626589	 365.593358	 366.349763	 0.644737
366.380184	 365.351199	 366.085297	 0.648741
365.676126	 364.649511	 365.377596	 0.652746
365.501581	 364.472552	 365.210562	 0.656751
366.091578	 365.058279	 365.807107	 0.660755
366.629629	 365.596353	 366.336754	 0.664760
366.384431	 365.355245	 366.073607	 0.668764
365.685313	 364.658429	 365.371092	 0.672769
365.507527	 364.478252	 365.209824	 0.676773
366.090818	 365.057653	 365.806638	 0.680778
366.624421	 365.591592	 366.332329	 0.684783
366.377658	 365.348807	 366.067394	 0.688787
365.681513	 364.654786	 365.367695	 0.692792
365.509181	 364.479660	 365.211389	 0.696796
366.094529	 365.060716	 365.810259	 0.700801
366.631283	 365.597873	 366.339414	 0.704805
366.385906	 365.356586	 366.075574	 0.708810
365.684531	 364.657356	 365.370936	 0.712815
365.508555	 364.478967	 365.211679	 0.716819
366.098395	 365.064694	 365.814506	 0.720824
366.640582	 365.607193	 366.348087	 0.724828
366.392678	 365.363336	 366.081609	 0.728833
365.691124	 364.663995	 365.377194	 0.732838
365.518502	 364.488869	 365.221693	 0.736842
366.111002	 365.077167	 365.827112	 0.740847
366.650171	 365.616469	 366.357273	 0.744851
366.402290	 365.372657	 366.090796	 0.748856
365.696600	 364.669694	 365.383229	 0.752860
365.520625	 364.491149	 365.224040	 0.756865
366.108834	 365.074998	 365.825168	 0.760870
366.642437	 365.608937	 366.351104	 0.764874
366.395160	 365.365772	 366.085789	 0.768879
365.697852	 364.670700	 365.384704	 0.772883
365.527375	 364.497698	 365.230343	 0.776888
366.116478	 365.082442	 365.832365	 0.780892
366.650461	 365.616469	 366.357877	 0.784897
366.399943	 365.370176	 366.089075	 0.788902
365.699551	 364.672220	 365.385732	 0.792906
365.527912	 364.498167	 365.232690	 0.796911
366.121127	 365.086957	 365.848503	 0.800915
366.656675	 365.622661	 366.379223	 0.804920
366.407453	 365.377552	 366.111896	 0.808924
365.707821	 364.680155	 365.408889	 0.812929
365.534819	 364.504738	 365.252181	 0.816934
366.125173	 365.091159	 365.855857	 0.820938
366.660452	 365.626707	 366.382844	 0.824943
366.409666	 365.379809	 366.113617	 0.828947
365.709743	 364.682099	 365.410655	 0.832952
365.538238	 364.507979	 365.255981	 0.836957
366.129420	 365.095227	 365.860461	 0.840961
366.665929	 365.632272	 366.388990	 0.844966
366.408906	 365.379317	 366.113751	 0.848970
365.705832	 364.678255	 365.407212	 0.852975
365.532807	 364.502526	 365.250661	 0.856979
366.123653	 365.089326	 365.854739	 0.860984
366.656094	 365.622102	 366.379133	 0.864989
366.402357	 365.372210	 366.106934	 0.868993
365.699551	 364.671751	 365.400887	 0.872998
365.526973	 364.496580	 365.245073	 0.877002
366.117327	 365.082687	 365.848771	 0.881007
366.647243	 365.612737	 366.370483	 0.885011
366.392075	 365.361436	 366.096920	 0.889016
365.692689	 364.664397	 365.394293	 0.893021
365.527018	 364.496155	 365.245274	 0.897025
366.120814	 365.086018	 365.852392	 0.901030
366.656563	 365.622348	 366.379849	 0.905034
366.400077	 365.370198	 366.104810	 0.909039
365.697763	 364.670320	 365.399121	 0.913043
365.529901	 364.499888	 365.248068	 0.917048
366.124301	 365.090309	 365.855767	 0.921053
366.657323	 365.623846	 366.380206	 0.925057
366.397998	 365.368656	 366.102665	 0.929062
365.696422	 364.669203	 365.398048	 0.933066
365.529812	 364.500022	 365.248292	 0.937071
366.125441	 365.091494	 365.857220	 0.941076
366.657100	 365.623354	 366.380787	 0.945080
366.396948	 365.367404	 366.102352	 0.949085
365.693248	 364.666096	 365.395813	 0.953089
365.528962	 364.499262	 365.248314	 0.957094
366.127207	 365.093372	 365.859433	 0.961098
366.657614	 365.624360	 366.381279	 0.965103
366.395808	 365.366689	 366.100742	 0.969108
365.692979	 364.666073	 365.394740	 0.973112
365.525833	 364.496446	 365.244425	 0.977117
366.119652	 365.086197	 365.851185	 0.981121
366.648494	 365.615419	 366.371690	 0.985126
366.387158	 365.358329	 366.092495	 0.989130
365.684016	 364.657580	 365.386671	 0.993135
365.517071	 364.488265	 365.236892	 0.997140
366.112119	 365.079201	 365.845105	 1.001144
366.645499	 365.612893	 366.370260	 1.005149
366.390622	 365.362218	 366.097188	 1.009153
365.691057	 364.664598	 365.394137	 1.013158
365.527398	 364.498167	 365.246637	 1.017162
366.121932	 365.088566	 365.853912	 1.021167
366.655021	 365.622013	 366.378507	 1.025172
366.400949	 365.371986	 366.106129	 1.029176
365.701473	 364.674410	 365.403346	 1.033181
365.539468	 364.509879	 365.258059	 1.037185
366.136527	 365.102782	 365.868105	 1.041190
366.666286	 365.632987	 366.389795	 1.045195
366.400792	 365.371606	 366.105906	 1.049199
365.701518	 364.674410	 365.402697	 1.053204
365.540317	 364.510885	 365.258015	 1.057208
366.135298	 365.102133	 365.866317	 1.061213
366.662084	 365.629366	 366.384811	 1.065217
366.399429	 365.370645	 366.104006	 1.069222
365.699506	 364.672578	 365.400842	 1.073227
365.537858	 364.508337	 365.255981	 1.077231
366.131945	 365.098512	 365.863255	 1.081236
366.663716	 365.630529	 366.386576	 1.085240
366.405844	 365.376680	 366.110264	 1.089245
365.704312	 364.677093	 365.405469	 1.093249
365.541166	 364.511064	 365.258976	 1.097254
366.137131	 365.102893	 365.868083	 1.101259
366.669348	 365.635446	 366.391829	 1.105263
366.408951	 365.379116	 366.113326	 1.109268
365.707150	 364.679328	 365.408643	 1.113272
365.547961	 364.517725	 365.266329	 1.117277
366.145848	 365.111722	 365.877314	 1.121281
366.674713	 365.641056	 366.397439	 1.125286
366.413153	 365.383721	 366.117618	 1.129291
365.712694	 364.685452	 365.414231	 1.133295
365.553169	 364.523290	 365.271426	 1.137300
366.153112	 365.119322	 365.884400	 1.141304
366.683318	 365.650064	 366.406090	 1.145309
366.419568	 365.390270	 366.123899	 1.149314
365.719064	 364.691957	 365.420869	 1.153318
365.560210	 364.530555	 365.279137	 1.157323
366.160243	 365.126631	 365.892357	 1.161327
366.689465	 365.656233	 366.408861	 1.165332
366.424194	 365.395210	 366.115740	 1.169336
365.725211	 364.698170	 365.412465	 1.173341
365.572548	 364.542759	 365.275851	 1.177346
366.173028	 365.139193	 365.889295	 1.181350
366.699456	 365.665934	 366.406693	 1.185355
366.434521	 365.405313	 366.123653	 1.189359
365.733816	 364.706999	 365.420154	 1.193364
365.572928	 364.543586	 365.276343	 1.197368
366.172715	 365.139416	 365.889094	 1.201373
366.701401	 365.668795	 366.408794	 1.205378
366.435571	 365.407347	 366.124748	 1.209382
365.733838	 364.707983	 365.420556	 1.213387
365.574806	 364.546559	 365.278779	 1.217391
366.170770	 365.138567	 365.887641	 1.221396
366.694695	 365.662693	 366.402692	 1.225400
366.426050	 365.398048	 366.115450	 1.229405
365.723601	 364.697746	 365.410319	 1.233410
365.565910	 364.537439	 365.269570	 1.237414
366.163439	 365.130878	 365.879661	 1.241419
366.686291	 365.653953	 366.393617	 1.245423
366.419992	 365.391343	 366.108342	 1.249428
365.715778	 364.688917	 365.401222	 1.253432
365.556701	 364.527112	 365.259132	 1.257437
366.151570	 365.117869	 365.867010	 1.261442
366.674445	 365.641325	 366.381503	 1.265446
366.402938	 365.373774	 366.091556	 1.269451
365.703373	 364.676310	 365.389018	 1.273455
365.548252	 364.518596	 365.250750	 1.277460
366.144507	 365.110940	 365.860260	 1.281465
366.665504	 365.632026	 366.372070	 1.285469
366.397596	 365.368030	 366.085230	 1.289474
365.698322	 364.670924	 365.382849	 1.293478
365.538596	 364.509097	 365.241072	 1.297483
366.133644	 365.100435	 365.849822	 1.301487
366.658508	 365.625567	 366.365454	 1.305492
366.392187	 365.362956	 366.079754	 1.309497
365.689940	 364.662743	 365.374802	 1.313501
365.531198	 364.501140	 365.233651	 1.317506
366.128973	 365.094512	 365.844077	 1.321510
366.653501	 365.619487	 366.359799	 1.325515
366.384297	 365.354351	 366.072132	 1.329519
365.681111	 364.653333	 365.366018	 1.333524
365.522302	 364.492065	 365.225269	 1.337529
366.122334	 365.088141	 365.838266	 1.341533
366.647377	 365.613631	 366.353697	 1.345538
366.378664	 365.348986	 366.066410	 1.349542
365.677311	 364.650025	 365.363939	 1.353547
365.525587	 364.495574	 365.238948	 1.357551
366.127319	 365.093550	 365.857310	 1.361556
366.648047	 365.614905	 366.369656	 1.365561
366.375557	 365.346505	 366.079329	 1.369565
365.674070	 364.647186	 365.375361	 1.373570
365.524447	 364.494725	 365.242480	 1.377574
366.128056	 365.094154	 365.858740	 1.381579
366.650238	 365.616514	 366.372204	 1.385584
366.380385	 365.350528	 366.084001	 1.389588
365.678049	 364.650405	 365.378960	 1.393593
365.523978	 364.493898	 365.241921	 1.397597
366.124011	 365.089706	 365.854650	 1.401602
366.645432	 365.611440	 366.367533	 1.405606
366.375691	 365.345835	 366.079508	 1.409611
365.674338	 364.646739	 365.375384	 1.413616
365.519910	 364.489785	 365.237831	 1.417620
366.118937	 365.084498	 365.849665	 1.421625
366.640001	 365.605718	 366.362191	 1.425629
366.368069	 365.337743	 366.072065	 1.429634
365.668661	 364.640369	 365.369661	 1.433638
365.517272	 364.486455	 365.235149	 1.437643
366.118668	 365.083850	 365.849553	 1.441648
366.639464	 365.605182	 366.361520	 1.445652
366.367957	 365.338034	 366.068757	 1.449657
365.673355	 364.645867	 365.361123	 1.453661
365.524336	 364.494412	 365.227035	 1.457666
366.125486	 365.091539	 365.840613	 1.461670
366.646728	 365.613184	 366.352624	 1.465675
366.371958	 365.342504	 366.060040	 1.469680
365.670516	 364.643342	 365.356250	 1.473684
365.520782	 364.491059	 365.223414	 1.477689
366.123251	 365.089326	 365.838489	 1.481693
366.640358	 365.607193	 366.347394	 1.485698
366.365521	 365.336737	 366.054944	 1.489703
365.666828	 364.640302	 365.353524	 1.493707
365.520737	 364.491484	 365.223436	 1.497712
366.123340	 365.089639	 365.838154	 1.501716
366.639352	 365.605897	 366.345472	 1.505721
366.363755	 365.334234	 366.051390	 1.509725
365.661173	 364.633619	 365.346326	 1.513730
365.512199	 364.481850	 365.214026	 1.517735
366.112522	 365.078396	 365.827425	 1.521739
366.634480	 365.600823	 366.340152	 1.525744
366.357385	 365.327618	 366.044550	 1.529748
365.654959	 364.627114	 365.339911	 1.533753
365.508511	 364.477872	 365.210227	 1.537757
366.111896	 365.077189	 365.826129	 1.541762
366.631954	 365.597538	 366.337179	 1.545767
366.353026	 365.322857	 366.041063	 1.549771
365.650466	 364.622532	 365.335910	 1.553776
365.502945	 364.472462	 365.204750	 1.557780
366.106129	 365.071713	 365.820541	 1.561785
366.625628	 365.591883	 366.331502	 1.565789
366.351775	 365.322142	 366.039610	 1.569794
365.651964	 364.624208	 365.337542	 1.573799
365.505605	 364.475033	 365.208371	 1.577803
366.106353	 365.071780	 365.822106	 1.581808
366.623438	 365.589312	 366.330250	 1.585812
366.347416	 365.317403	 366.036146	 1.589817
365.647427	 364.619425	 365.333943	 1.593822
365.498072	 364.467657	 365.204035	 1.597826
366.109080	 365.074216	 365.836344	 1.601831
366.627305	 365.592620	 366.348422	 1.605835
366.350769	 365.320242	 366.053625	 1.609840
365.653417	 364.624879	 365.353524	 1.613844
365.506901	 364.475771	 365.223816	 1.617849
366.109817	 365.074820	 365.839160	 1.621854
366.626657	 365.592486	 366.347684	 1.625858
366.348802	 365.319012	 366.052060	 1.629863
365.650668	 364.623091	 365.351311	 1.633867
365.506409	 364.476083	 365.224040	 1.637872
366.112030	 365.077904	 365.842826	 1.641876
366.627864	 365.594386	 366.349785	 1.645881
366.350233	 365.320823	 366.054050	 1.649886
365.650690	 364.623426	 365.352384	 1.653890
365.509919	 364.480107	 365.228600	 1.657895
366.116254	 365.082442	 365.847542	 1.661899
366.631686	 365.598521	 366.354122	 1.665904
366.355686	 365.326634	 366.060040	 1.669908
365.659161	 364.632300	 365.360989	 1.673913
365.512266	 364.482633	 365.230768	 1.677918
366.116500	 365.082889	 365.847721	 1.681922
366.631015	 365.598141	 366.353362	 1.685927
366.351104	 365.322388	 366.055055	 1.689931
365.652791	 364.626198	 365.354015	 1.693936
365.510634	 364.481291	 365.228510	 1.697941
366.113796	 365.080542	 365.844524	 1.701945
366.630166	 365.597403	 366.352267	 1.705950
366.354524	 365.326031	 366.052843	 1.709954
365.657664	 364.631406	 365.344292	 1.713959
365.513920	 364.484912	 365.216373	 1.717963
366.117439	 365.084364	 365.832790	 1.721968
366.631283	 365.598499	 366.338520	 1.725973
366.349987	 365.321114	 366.039297	 1.729977
365.652679	 364.626108	 365.339464	 1.733982
365.512914	 364.483571	 365.216753	 1.737986
366.121686	 365.088477	 365.838646	 1.741991
366.641319	 365.608624	 366.349003	 1.745995
366.362057	 365.333318	 366.051457	 1.750000
365.665800	 364.639251	 365.352875	 1.754005
365.523732	 364.494367	 365.227661	 1.758009
366.128414	 365.094690	 365.844390	 1.762014
366.642839	 365.609473	 366.349450	 1.766018
366.363062	 365.333809	 366.051703	 1.770023
365.664526	 364.637463	 365.350864	 1.774027
365.525408	 364.495664	 365.228398	 1.778032
366.127810	 365.094176	 365.844211	 1.782037
366.638905	 365.605830	 366.346075	 1.786041
366.359374	 365.330479	 366.047858	 1.790046
365.661151	 364.634468	 365.347399	 1.794050
365.521363	 364.492065	 365.224867	 1.798055
366.130291	 365.096747	 365.845642	 1.802059
366.647958	 365.614681	 366.353272	 1.806064
366.364761	 365.335597	 366.051993	 1.810069
365.663140	 364.635965	 365.348606	 1.814073
365.520625	 364.490836	 365.223459	 1.818078
366.127430	 365.093550	 365.842401	 1.822082
366.641565	 365.608222	 366.346992	 1.826087
366.357743	 365.328445	 366.045355	 1.830092
365.659877	 364.632255	 365.346550	 1.834096
365.520804	 364.489919	 365.233651	 1.838101
366.130604	 365.095719	 365.859992	 1.842105
366.645723	 365.611440	 366.366192	 1.846110
366.361587	 365.331395	 366.063773	 1.850114
365.661821	 364.633686	 365.361503	 1.854119
365.523263	 364.492579	 365.239954	 1.858124
366.133823	 365.099183	 365.862920	 1.862128
366.647712	 365.613787	 366.367868	 1.866133
366.363375	 365.333653	 366.065427	 1.870137
365.663833	 364.636077	 365.363761	 1.874142
365.527934	 364.497474	 365.244738	 1.878146
366.138405	 365.103944	 365.867658	 1.882151
366.651646	 365.617744	 366.372025	 1.886156
366.367801	 365.338011	 366.070344	 1.890160
365.670807	 364.642872	 365.370980	 1.894165
365.536450	 364.505923	 365.253589	 1.898169
366.145602	 365.111454	 365.875526	 1.902174
366.660184	 365.626885	 366.381413	 1.906178
366.373948	 365.344762	 366.077206	 1.910183
365.676842	 364.649734	 365.377932	 1.914188
365.542284	 364.512338	 365.260071	 1.918192
366.148441	 365.114561	 365.878722	 1.922197
366.660028	 365.626930	 366.381614	 1.926201
366.373344	 365.344359	 366.076781	 1.930206
365.675970	 364.649019	 365.372500	 1.934211
365.543200	 364.513701	 365.247174	 1.938215
366.151146	 365.117914	 365.866697	 1.942220
366.657345	 365.625075	 366.364515	 1.946224
366.366661	 365.338749	 366.056374	 1.950229
365.665532	 364.639631	 365.353166	 1.954233
365.529231	 364.500380	 365.233673	 1.958238
366.137757	 365.104659	 365.854247	 1.962243
366.645745	 365.613117	 366.353161	 1.966247
366.357609	 365.329026	 366.046405	 1.970252
365.656367	 364.629707	 365.343063	 1.974256
365.518926	 364.489539	 365.227639	 1.978261
366.131163	 365.097395	 365.860551	 1.982265
366.638570	 365.605115	 366.359419	 1.986270
366.348668	 365.319124	 366.051211	 1.990275
365.647427	 364.619559	 365.347310	 1.994279
365.513204	 364.482342	 365.230008	 1.998284
366.121753	 365.086957	 365.851207	 2.002288
366.631350	 365.597202	 366.351574	 2.006293
366.342789	 365.312776	 366.044796	 2.010297
365.642688	 364.614485	 365.342236	 2.014302
365.508801	 364.477536	 365.224867	 2.018307
366.119339	 365.084006	 365.847810	 2.022311
366.629160	 365.594341	 366.348422	 2.026316
366.337827	 365.307233	 366.038940	 2.030320
365.637592	 364.609009	 365.336380	 2.034325
365.501805	 364.470451	 365.217647	 2.038330
366.110018	 365.074797	 365.838847	 2.042334
366.619079	 365.584439	 366.339079	 2.046339
366.332016	 365.301422	 366.033978	 2.050343
365.634910	 364.606171	 365.334659	 2.054348
365.503526	 364.471881	 365.220128	 2.058352
366.117886	 365.082553	 365.847072	 2.062357
366.626142	 365.591748	 366.346165	 2.066362
366.334497	 365.304372	 366.036414	 2.070366
365.635915	 364.607825	 365.335642	 2.074371
365.507616	 364.476754	 365.224398	 2.078375
366.120322	 365.085593	 365.849710	 2.082380
366.631216	 365.596979	 366.351283	 2.086384
366.342454	 365.312352	 366.044170	 2.090389
365.641615	 364.613435	 365.341252	 2.094394
365.510589	 364.479503	 365.227035	 2.098398
366.121172	 365.086085	 365.850090	 2.102403
366.629451	 365.594967	 366.349026	 2.106407
366.337760	 365.307524	 366.039074	 2.110412
365.637994	 364.609792	 365.337341	 2.114416
365.507616	 364.476799	 365.224196	 2.118421
366.121552	 365.086957	 365.850649	 2.122426
366.624220	 365.590340	 366.344265	 2.126430
366.326495	 365.296728	 366.028591	 2.130435
365.629411	 364.601432	 365.329361	 2.134439
365.500218	 364.469490	 365.217647	 2.138444
366.112745	 365.078351	 365.842870	 2.142449
366.617157	 365.583277	 366.337917	 2.146453
366.321332	 365.291408	 366.023830	 2.150458
365.625522	 364.597565	 365.325763	 2.154462
365.499413	 364.468976	 365.216753	 2.158467
366.110555	 365.076138	 365.840277	 2.162471
366.618744	 365.584730	 366.339191	 2.166476
366.325556	 365.295476	 366.027786	 2.170481
365.625969	 364.597722	 365.326165	 2.174485
365.499749	 364.468529	 365.216999	 2.178490
366.114064	 365.078843	 365.843742	 2.182494
366.618766	 365.584305	 366.339437	 2.186499
366.324863	 365.294873	 366.027473	 2.190503
365.630037	 364.602103	 365.329920	 2.194508
365.501716	 364.471099	 365.218497	 2.198513
366.114869	 365.079983	 365.843675	 2.202517
366.623304	 365.588507	 366.342544	 2.206522
366.326249	 365.295320	 366.027227	 2.210526
365.629255	 364.600314	 365.328065	 2.214531
365.499235	 364.467590	 365.215099	 2.218535
366.112410	 365.076965	 365.840657	 2.222540
366.619795	 365.585177	 366.339034	 2.226545
366.324841	 365.294604	 366.026222	 2.230549
365.622080	 364.593765	 365.321382	 2.234554
365.492015	 364.460750	 365.208438	 2.238558
366.108297	 365.072964	 365.837193	 2.242563
366.613983	 365.579299	 366.333782	 2.246568
366.316906	 365.286446	 366.018354	 2.250572
365.619487	 364.591240	 365.318968	 2.254577
365.495569	 364.464729	 365.212015	 2.258581
366.110063	 365.075580	 365.838936	 2.262586
366.616107	 365.582428	 366.330876	 2.266590
366.323187	 365.293777	 366.011134	 2.270595
365.625947	 364.598638	 365.312307	 2.274600
365.501090	 364.470965	 365.204549	 2.278604
366.117305	 365.083090	 365.831761	 2.282609
366.620398	 365.586585	 366.324595	 2.286613
366.320974	 365.291475	 366.007312	 2.290618
365.623667	 364.596135	 365.307792	 2.294622
365.499838	 364.469378	 365.200928	 2.298627
366.114198	 365.079804	 365.827760	 2.302632
366.618498	 365.584551	 366.322226	 2.306636
366.322494	 365.292615	 366.008005	 2.310641
365.623398	 364.595799	 365.308060	 2.314645
365.499860	 364.469780	 365.201956	 2.318650
366.114578	 365.080810	 365.829526	 2.322654
366.619795	 365.586630	 366.325020	 2.326659
366.323545	 365.294649	 366.010486	 2.330664
365.630931	 364.604047	 365.315906	 2.334668
365.509338	 364.479414	 365.211389	 2.338673
366.126916	 365.092656	 365.840814	 2.342677
366.628579	 365.594632	 366.333178	 2.346682
366.329468	 365.299566	 366.016297	 2.350686
365.634172	 364.606059	 365.319191	 2.354691
365.514546	 364.483460	 365.216194	 2.358696
366.128906	 365.093729	 365.842691	 2.362700
366.629227	 365.594274	 366.333178	 2.366705
366.329781	 365.298874	 366.015180	 2.370709
365.633099	 364.604204	 365.317157	 2.374714
365.511595	 364.479950	 365.212640	 2.378719
366.126536	 365.091025	 365.840032	 2.382723
366.624086	 365.589267	 366.328887	 2.386728
366.321756	 365.291229	 366.008944	 2.390732
365.624985	 364.596604	 365.310251	 2.394737
365.504308	 364.473289	 365.206851	 2.398741
366.122245	 365.087337	 365.836925	 2.402746
366.622253	 365.588150	 366.327031	 2.406751
366.325400	 365.295655	 366.011559	 2.410755
365.629903	 364.602416	 365.314609	 2.414760
365.511036	 364.480844	 365.213244	 2.418764
366.128280	 365.094109	 365.842781	 2.422769
366.628959	 365.595347	 366.334095	 2.426773
366.330250	 365.300818	 366.016856	 2.430778
365.634753	 364.607199	 365.319795	 2.434783
365.513875	 364.483303	 365.216373	 2.438787
366.128436	 365.093863	 365.843742	 2.442792
366.625651	 365.591726	 366.331546	 2.446796
366.319253	 365.289642	 366.007357	 2.450801
365.621566	 364.594145	 365.307814	 2.454805
365.505672	 364.475882	 365.208975	 2.458810
366.127140	 365.093662	 365.842490	 2.462815
366.626053	 365.593402	 366.331792	 2.466819
366.319320	 365.290849	 366.006954	 2.470824
365.621677	 364.595241	 365.307948	 2.474828
365.505448	 364.476352	 365.209064	 2.478833
366.125441	 365.092880	 365.841842	 2.482838
366.629383	 365.597850	 366.336084	 2.486842
366.327389	 365.300639	 366.016074	 2.490847
365.634865	 364.610082	 365.321941	 2.494851
365.526884	 364.499016	 365.230723	 2.498856
366.152956	 365.121445	 365.868329	 2.502860
366.662911	 365.632943	 366.368159	 2.506865
366.373747	 365.349746	 366.060107	 2.510870
365.701250	 364.682658	 365.384168	 2.514874
365.616693	 364.596984	 365.314699	 2.518879
366.270191	 365.246325	 365.978903	 2.522883
366.802945	 365.778207	 366.500704	 2.526888
366.521313	 365.497782	 366.199738	 2.530892
365.837819	 364.813349	 365.513964	 2.534897
365.737795	 364.708206	 365.430950	 2.538902
366.378507	 365.344717	 366.083979	 2.542906
366.890586	 365.857757	 366.586893	 2.546911
366.590693	 365.562378	 366.269342	 2.550915
365.897520	 364.871218	 365.575767	 2.554920
365.793942	 364.764041	 365.491121	 2.558924
366.433470	 365.399322	 366.143613	 2.562929
366.940632	 365.906729	 366.642035	 2.566934
366.637899	 365.608132	 366.322315	 2.570938
365.950583	 364.923007	 365.635603	 2.574943
365.863859	 364.832549	 365.567005	 2.578947
366.512305	 365.476525	 366.226627	 2.582952
367.018304	 365.983485	 366.722054	 2.586957
366.739108	 365.707843	 366.424105	 2.590961
366.111516	 365.081257	 365.794836	 2.594966
366.074412	 365.038185	 365.772529	 2.598970
366.729475	 365.686587	 366.435728	 2.602975
367.231294	 366.188853	 366.926460	 2.606979
366.975254	 365.933015	 366.649344	 2.610984
366.389102	 365.345969	 366.059481	 2.614989
366.370550	 365.322969	 366.055257	 2.618993
367.001093	 365.950405	 366.695612	 2.622998
367.476291	 366.427771	 367.162204	 2.627002
367.206774	 366.162143	 366.878471	 2.631007
366.617470	 365.577600	 366.291939	 2.635011
366.582490	 365.542329	 366.274773	 2.639016
367.189921	 366.144060	 366.890072	 2.643021
367.637514	 366.589173	 367.324634	 2.647025
367.365963	 366.320035	 367.036677	 2.651030
366.792104	 365.745931	 366.461768	 2.655034
366.768188	 365.706078	 366.453989	 2.659039
367.365918	 366.296365	 367.062359	 2.663043
367.803275	 366.748406	 367.492317	 2.667048
367.539837	 366.493820	 367.214284	 2.671053
366.983726	 365.941330	 366.658709	 2.675057
366.968303	 365.926443	 366.659961	 2.679062
367.566033	 366.522520	 367.268666	 2.683066
367.996103	 366.952858	 367.691181	 2.687071
367.725155	 366.687632	 367.406442	 2.691076
367.161936	 366.128168	 366.844966	 2.695080
367.135628	 366.100496	 366.836316	 2.699085
367.712191	 366.676344	 367.423273	 2.703089
368.121184	 367.088511	 367.825001	 2.707094
367.838076	 366.808443	 367.528102	 2.711098
367.273583	 366.245962	 366.965218	 2.715103
367.250494	 366.222850	 366.958692	 2.719108
367.824375	 366.797133	 367.541849	 2.723112
368.231221	 367.208696	 367.941207	 2.727117
367.953054	 366.936698	 367.650031	 2.731121
367.405213	 366.391941	 367.103553	 2.735126
367.405347	 366.391069	 367.118663	 2.739130
367.987967	 366.973399	 367.712102	 2.743135
368.389829	 367.381274	 368.110365	 2.747140
368.107638	 367.104246	 367.817066	 2.751144
367.557696	 366.554416	 367.266989	 2.755149
367.551348	 366.541295	 367.271124	 2.759153
368.120312	 367.099932	 367.841094	 2.763158
368.502236	 367.489479	 368.219710	 2.767162
368.222236	 367.212228	 367.924309	 2.771167
367.689661	 366.678691	 367.391712	 2.775172
367.689706	 366.670220	 367.406911	 2.779176
368.259183	 367.231405	 367.980882	 2.783181
368.650987	 367.625355	 368.366449	 2.787185
368.388779	 367.366678	 368.099502	 2.791190
367.885842	 366.867117	 367.601573	 2.795195
367.936290	 366.914994	 367.669544	 2.799199
368.560261	 367.531433	 368.301495	 2.803204
369.007609	 367.975920	 368.738338	 2.807208
368.795804	 367.762751	 368.508517	 2.811213
368.339694	 367.304741	 368.050418	 2.815217
368.421680	 367.382101	 368.146620	 2.819222
369.059622	 368.016153	 368.793636	 2.823227
369.512960	 368.469692	 369.237921	 2.827231
369.307346	 368.268593	 369.017623	 2.831236
368.874124	 367.841273	 368.582993	 2.835240
368.990465	 367.957301	 368.713862	 2.839245
369.655027	 368.621080	 369.388997	 2.843249
370.120011	 369.089484	 369.846738	 2.847254
369.922578	 368.896476	 369.635380	 2.851259
369.492642	 368.468731	 369.206562	 2.855263
369.612201	 368.586815	 369.342215	 2.859268
370.278440	 369.252405	 370.017416	 2.863272
370.743960	 369.720540	 370.473235	 2.867277
370.557501	 369.538083	 370.273388	 2.871281
370.147213	 369.129404	 369.864441	 2.875286
370.282061	 369.262307	 370.014667	 2.879291
370.950266	 369.928009	 370.692037	 2.883295
371.405236	 370.384767	 371.137753	 2.887300
371.197432	 370.180249	 370.915599	 2.891304
370.755158	 369.738668	 370.465300	 2.895309
370.842576	 369.823023	 370.559334	 2.899314
371.448889	 370.427235	 371.174186	 2.903318
371.835820	 370.816670	 371.548108	 2.907323
371.546052	 370.530612	 371.245980	 2.911327
371.031649	 370.017483	 370.734035	 2.915332
371.059857	 370.044305	 370.777085	 2.919336
371.615834	 370.599478	 371.340729	 2.923341
371.947176	 370.933413	 371.662415	 2.927346
371.615007	 370.606206	 371.315091	 2.931350
371.043428	 370.035812	 370.743691	 2.935355
371.032074	 370.022043	 370.747804	 2.939359
371.577523	 370.565213	 371.300898	 2.943364
371.892884	 370.882608	 371.605530	 2.947368
371.544644	 370.537385	 371.242895	 2.951373
370.972529	 369.966074	 370.671026	 2.955378
370.941169	 369.934424	 370.654530	 2.959382
371.437311	 370.433047	 371.161378	 2.963387
371.725157	 370.726235	 371.440909	 2.967391
371.370524	 370.376296	 371.073693	 2.971396
370.814166	 369.820698	 370.520062	 2.975400
370.823197	 369.824856	 370.553791	 2.979405
371.368669	 370.367199	 371.116273	 2.983410
371.701575	 370.699457	 371.440105	 2.987414
371.381610	 370.379716	 371.105052	 2.991419
370.841704	 369.840301	 370.565436	 2.995423
370.848633	 369.843743	 370.587654	 2.999428
371.392674	 370.384097	 371.141038	 3.003432
371.720396	 370.711885	 371.458545	 3.007437
371.398396	 370.392590	 371.121838	 3.011442
370.866939	 369.857936	 370.586246	 3.015446
370.898209	 369.881808	 370.630033	 3.019451
371.502511	 370.481349	 371.244303	 3.023455
371.952071	 370.931334	 371.685102	 3.027460
371.772050	 370.753236	 371.488563	 3.031465
371.389076	 370.369523	 371.105097	 3.035469
371.555686	 370.531238	 371.284805	 3.039474
372.231558	 371.202908	 371.967047	 3.043478
372.663304	 371.634453	 372.387707	 3.047483
372.406281	 371.380493	 372.115172	 3.051487
371.913828	 370.888084	 371.622204	 3.055492
371.937833	 370.908178	 371.659822	 3.059497
372.465960	 371.432013	 372.195817	 3.063501
372.754253	 371.720731	 372.474655	 3.067506
372.369714	 371.340259	 372.075453	 3.071510
371.766954	 370.739176	 371.472694	 3.075515
371.679648	 370.649121	 371.399268	 3.079519
372.091479	 371.057488	 371.817961	 3.083524
372.283995	 371.250048	 371.999792	 3.087529
371.821805	 370.791144	 371.521912	 3.091533
371.150136	 370.120167	 370.851047	 3.095538
371.030509	 369.995489	 370.743893	 3.099542
371.445290	 370.407745	 371.167078	 3.103547
371.638007	 370.601981	 371.349133	 3.107551
371.164530	 370.129488	 370.858132	 3.111556
370.459891	 369.424938	 370.152354	 3.115561
370.311967	 369.274824	 370.015025	 3.119565
370.702385	 369.658559	 370.397463	 3.123570
370.887860	 369.840972	 370.568230	 3.127574
370.423950	 369.378670	 370.088294	 3.131579
369.757018	 368.713527	 369.422994	 3.135584
369.655832	 368.612430	 369.338705	 3.139588
370.129063	 369.083538	 369.820766	 3.143593
370.425023	 369.376256	 370.103135	 3.147597
370.058141	 369.010314	 369.719847	 3.151602
369.453146	 368.406191	 369.115233	 3.155606
369.379408	 368.333190	 369.059778	 3.159611
369.841709	 368.795156	 369.536898	 3.163616
370.107538	 369.060136	 369.802795	 3.167620
369.701027	 368.650540	 369.378112	 3.171625
369.046076	 367.994293	 368.721797	 3.175629
368.926383	 367.872766	 368.618197	 3.179634
369.344293	 368.288799	 369.045115	 3.183638
369.551673	 368.498839	 369.244068	 3.187643
369.084410	 368.027552	 368.754900	 3.191648
368.362448	 367.300204	 368.026770	 3.195652
368.167653	 367.102436	 367.845564	 3.199657
368.527069	 367.461070	 368.214592	 3.203661
368.703022	 367.634944	 368.378810	 3.207666
368.210211	 367.142132	 367.868788	 3.211670
367.482930	 366.416885	 367.143384	 3.215675
367.317169	 366.250007	 366.995863	 3.219680
367.718517	 366.647175	 367.410242	 3.223684
367.935508	 366.864457	 367.621466	 3.227689
367.489680	 366.420305	 367.163925	 3.231693
366.804018	 365.739561	 366.481594	 3.235698
366.673193	 365.611910	 366.367935	 3.239703
367.118663	 366.059436	 366.824179	 3.243707
367.381676	 366.326026	 367.079481	 3.247712
366.978875	 365.928701	 366.662889	 3.251716
366.343527	 365.297488	 366.027987	 3.255721
366.257562	 365.211948	 365.957468	 3.259725
366.741477	 365.694477	 366.450502	 3.263730
367.043450	 365.998193	 366.743735	 3.267735
366.674221	 365.629724	 366.360380	 3.271739
366.058967	 365.016951	 365.746244	 3.275744
365.993610	 364.953628	 365.697226	 3.279748
366.502448	 365.464723	 366.215116	 3.283753
366.827867	 365.794546	 366.530857	 3.287757
366.475380	 365.447602	 366.164199	 3.291762
365.870989	 364.844932	 365.560747	 3.295767
365.815489	 364.786572	 365.521363	 3.299771
366.330943	 365.296929	 366.046696	 3.303776
366.657904	 365.621767	 366.364560	 3.307780
366.300008	 365.267492	 365.988514	 3.311785
365.680015	 364.649958	 365.360766	 3.315789
365.603327	 364.571525	 365.299186	 3.319794
366.105593	 365.071892	 365.811153	 3.323799
366.426474	 365.393801	 366.125083	 3.327803
366.057849	 365.028417	 365.751876	 3.331808
365.430346	 364.404960	 365.130028	 3.335812
365.355401	 364.329232	 365.071087	 3.339817
365.864909	 364.834829	 365.590094	 3.343822
366.193368	 365.162997	 365.908696	 3.347826
365.829370	 364.804453	 365.529141	 3.351831
365.213445	 364.192552	 364.913217	 3.355835
365.155845	 364.129855	 364.870860	 3.359840
365.687123	 364.654182	 365.410699	 3.363844
366.038560	 365.002869	 365.751072	 3.367849
365.688599	 364.654361	 365.384302	 3.371854
365.068472	 364.036045	 364.764890	 3.375858
365.009061	 363.975024	 364.721304	 3.379863
365.545167	 364.507935	 365.266665	 3.383867
365.899353	 364.861808	 365.611373	 3.387872
365.551381	 364.515981	 365.248604	 3.391876
364.929466	 363.896056	 364.628053	 3.395881
364.861852	 363.826251	 364.576443	 3.399886
365.393846	 364.353328	 365.118115	 3.403890
365.751653	 364.711738	 365.466221	 3.407895
365.403256	 364.368169	 365.102089	 3.411899
364.784582	 363.752289	 364.483348	 3.415904
364.725350	 363.690710	 364.439874	 3.419908
365.270777	 364.232896	 364.994599	 3.423913
365.634843	 364.598750	 365.348964	 3.427918
365.281059	 364.251203	 364.978886	 3.431922
364.648818	 363.621934	 364.346332	 3.435927
364.589809	 363.561741	 364.303126	 3.439931
365.140355	 364.109738	 364.862925	 3.443936
365.503884	 364.474653	 365.216820	 3.447941
365.140154	 364.116265	 364.838741	 3.451945
364.489137	 363.468668	 364.189445	 3.455950
364.406279	 363.385542	 364.124826	 3.459954
364.942408	 363.921336	 364.674008	 3.463959
365.297622	 364.279455	 365.016906	 3.467963
364.920816	 363.910361	 364.619582	 3.471968
364.255136	 363.250180	 363.957456	 3.475973
364.173441	 363.166450	 363.899364	 3.479977
364.720120	 363.708234	 364.457353	 3.483982
365.084833	 364.070556	 364.809013	 3.487986
364.709726	 363.696924	 364.416807	 3.491991
364.043801	 363.034128	 363.752781	 3.495995
363.958685	 362.947738	 363.679132	 3.500000
