366.352222	 365.278779	 365.942984	 0.000000
365.787058	 364.714353	 365.386626	 0.004005
366.094797	 365.014738	 365.711151	 0.008009
366.838596	 365.754111	 366.457119	 0.012014
366.998344	 365.918866	 366.601332	 0.016018
366.346142	 365.272364	 365.936725	 0.020023
365.778855	 364.703535	 365.378066	 0.024027
366.083844	 365.003093	 365.700043	 0.028032
366.831734	 365.748278	 366.450972	 0.032037
366.989738	 365.909590	 366.593129	 0.036041
366.330585	 365.256428	 365.922152	 0.040046
365.762605	 364.688202	 365.363694	 0.044050
366.072445	 364.991381	 365.689627	 0.048055
366.822883	 365.739002	 366.441763	 0.052059
366.981803	 365.902415	 366.585015	 0.056064
366.322114	 365.247487	 365.912317	 0.060069
365.751385	 364.676266	 365.350484	 0.064073
366.050607	 364.970325	 365.667834	 0.068078
366.797245	 365.713990	 366.415790	 0.072082
366.958982	 365.879594	 366.560585	 0.076087
366.305730	 365.231058	 365.893743	 0.080092
365.741662	 364.666163	 365.338503	 0.084096
366.048819	 364.967554	 365.664682	 0.088101
366.798653	 365.715309	 366.417332	 0.092105
366.955965	 365.876934	 366.559043	 0.096110
366.294510	 365.220464	 365.884892	 0.100114
365.728228	 364.652752	 365.326634	 0.104119
366.037286	 364.955484	 365.653015	 0.108124
366.783320	 365.698389	 366.401172	 0.112128
366.916559	 365.833460	 366.518541	 0.116133
366.240307	 365.164070	 365.830085	 0.120137
365.656680	 364.576555	 365.254438	 0.124142
365.931674	 364.843658	 365.546620	 0.128146
366.633586	 365.543983	 366.250141	 0.132151
366.765595	 365.682698	 366.366303	 0.136156
366.108901	 365.030161	 365.698634	 0.140160
365.538551	 364.459320	 365.135750	 0.144165
365.840792	 364.756598	 365.455380	 0.148169
366.592727	 365.504331	 366.207740	 0.152174
366.751089	 365.666090	 366.349093	 0.156178
366.091243	 365.013308	 365.678227	 0.160183
365.524537	 364.446937	 365.122161	 0.164188
365.835382	 364.750809	 365.450217	 0.168192
366.584479	 365.497290	 366.201035	 0.172197
366.739488	 365.657932	 366.341091	 0.176201
366.078189	 365.001729	 365.667163	 0.180206
365.515149	 364.438018	 365.113153	 0.184211
365.831538	 364.748574	 365.447602	 0.188215
366.582020	 365.496128	 366.200364	 0.192220
366.738862	 365.657306	 366.341113	 0.196224
366.078860	 365.002601	 365.668504	 0.200229
365.521229	 364.444009	 365.119993	 0.204233
365.846022	 364.762454	 365.461572	 0.208238
366.599723	 365.513339	 366.216256	 0.212243
366.748541	 365.666470	 366.349785	 0.216247
366.084336	 365.007116	 365.673466	 0.220252
365.525990	 364.447965	 365.122921	 0.224256
365.835092	 364.751412	 365.449860	 0.228261
366.578153	 365.490964	 366.194329	 0.232265
366.725652	 365.642397	 366.325176	 0.236270
366.063840	 364.985636	 365.650824	 0.240275
365.500017	 364.420763	 365.096724	 0.244279
365.816316	 364.731273	 365.430905	 0.248284
366.565457	 365.477844	 366.181522	 0.252288
366.714991	 365.631646	 366.314425	 0.256293
366.049557	 364.971577	 365.635960	 0.260297
365.491546	 364.412694	 365.086621	 0.264302
365.806951	 364.722176	 365.420333	 0.268307
366.550795	 365.463405	 366.166121	 0.272311
366.694315	 365.611619	 366.294063	 0.276316
366.028010	 364.950410	 365.615374	 0.280320
365.468993	 364.389694	 365.064873	 0.284325
365.788913	 364.703535	 365.402340	 0.288330
366.539239	 365.451491	 366.155146	 0.292334
366.685129	 365.601829	 366.285077	 0.296339
366.019561	 364.941447	 365.607015	 0.300343
365.457504	 364.378898	 365.054770	 0.304348
365.779123	 364.694862	 365.394360	 0.308352
366.530544	 365.443668	 366.146742	 0.312357
366.681754	 365.599348	 366.281210	 0.316362
366.021215	 364.944218	 365.608579	 0.320366
365.475542	 364.397271	 365.071646	 0.324371
365.801385	 364.716633	 365.414857	 0.328375
366.544737	 365.457705	 366.160958	 0.332380
366.689867	 365.607372	 366.290039	 0.336384
366.029284	 364.951863	 365.616872	 0.340389
365.477978	 364.399573	 365.074864	 0.344394
365.801162	 364.716544	 365.415326	 0.348398
366.545475	 365.458085	 366.160623	 0.352403
366.690381	 365.607350	 366.289413	 0.356407
366.025104	 364.947459	 365.611664	 0.360412
365.472256	 364.393494	 365.067578	 0.364416
365.798547	 364.713548	 365.411303	 0.368421
366.543463	 365.455783	 366.158656	 0.372426
366.682804	 365.599750	 366.282686	 0.376430
366.017124	 364.939234	 365.605182	 0.380435
365.470289	 364.391460	 365.067689	 0.384439
365.799709	 364.714711	 365.414678	 0.388444
366.548582	 365.460901	 366.165205	 0.392449
366.693756	 365.610613	 366.294174	 0.396453
366.030245	 364.952198	 365.618727	 0.400458
365.479364	 364.400266	 365.077234	 0.404462
365.811019	 364.725663	 365.426189	 0.408467
366.562619	 365.474379	 366.178258	 0.412471
366.707972	 365.623935	 366.306423	 0.416476
366.043321	 364.964268	 365.629724	 0.420481
365.492149	 364.411845	 365.088298	 0.424485
365.820966	 364.734313	 365.434414	 0.428490
366.571336	 365.481688	 366.185724	 0.432494
366.708956	 365.623957	 366.307295	 0.436499
366.037040	 364.957473	 365.623756	 0.440503
365.486315	 364.405832	 365.082307	 0.444508
365.814126	 364.727608	 365.427418	 0.448513
366.560451	 365.471407	 366.175352	 0.452517
366.699099	 365.614458	 366.297549	 0.456522
366.029709	 364.950231	 365.615687	 0.460526
365.480459	 364.400132	 365.076340	 0.464531
365.810840	 364.724367	 365.424088	 0.468535
366.556271	 365.467093	 366.171061	 0.472540
366.696685	 365.612334	 366.295583	 0.476545
366.033240	 364.954433	 365.619889	 0.480549
365.486695	 364.407061	 365.082263	 0.484554
365.819982	 364.734447	 365.433699	 0.488558
366.566061	 365.478269	 366.182527	 0.492563
366.706788	 365.623600	 366.306892	 0.496568
366.041644	 364.963709	 365.629769	 0.500572
365.496284	 364.417477	 365.094489	 0.504577
365.831449	 364.746517	 365.447714	 0.508581
366.578824	 365.491322	 366.196430	 0.512586
366.715527	 365.632674	 366.316571	 0.516590
366.045869	 364.968157	 365.634507	 0.520595
365.501760	 364.422618	 365.099630	 0.524600
365.839719	 364.754184	 365.455023	 0.528604
366.587385	 365.499100	 366.204142	 0.532609
366.720623	 365.636765	 366.320728	 0.536613
366.051613	 364.973164	 365.639224	 0.540618
365.506968	 364.427468	 365.103944	 0.544622
365.845552	 364.759660	 365.459627	 0.548627
366.594716	 365.505538	 366.208992	 0.552632
366.726189	 365.641235	 366.323902	 0.556636
366.055078	 364.975533	 365.641034	 0.560641
365.509069	 364.428430	 365.104771	 0.564645
365.843451	 364.756687	 365.457280	 0.568650
366.587474	 365.498072	 366.203315	 0.572654
366.718969	 365.633926	 366.317845	 0.576659
366.048819	 364.968939	 365.635111	 0.580664
365.503750	 364.422864	 365.099988	 0.584668
365.844301	 364.757425	 365.458264	 0.588673
366.594247	 365.504644	 366.209059	 0.592677
366.727463	 365.642241	 366.325310	 0.596682
366.058274	 364.978215	 365.643694	 0.600686
365.517272	 364.436387	 365.112348	 0.604691
365.859142	 364.772132	 365.472189	 0.608696
366.606585	 365.517295	 366.221375	 0.612700
366.735130	 365.650489	 366.333737	 0.616705
366.063124	 364.983736	 365.649841	 0.620709
365.527666	 364.447384	 365.124083	 0.624714
365.875325	 364.788874	 365.488930	 0.628719
366.624511	 365.535377	 366.238675	 0.632723
366.753704	 365.669130	 366.351350	 0.636728
366.084940	 365.005820	 365.670292	 0.640732
365.547000	 364.466584	 365.141517	 0.644737
365.888714	 364.801927	 365.501090	 0.648741
366.635441	 365.545793	 366.248733	 0.652746
366.764299	 365.679211	 366.360827	 0.656751
366.091779	 365.011967	 365.675880	 0.660755
365.551158	 364.470116	 365.144892	 0.664760
365.892737	 364.805995	 365.504778	 0.668764
366.632289	 365.543335	 366.246275	 0.672769
366.759895	 365.675389	 366.356782	 0.676773
366.087935	 365.008770	 365.672416	 0.680778
365.547000	 364.466651	 365.140824	 0.684783
365.884601	 364.798038	 365.496999	 0.688787
366.628065	 365.538797	 366.241916	 0.692792
366.751849	 365.667141	 366.349428	 0.696796
366.079955	 365.000567	 365.665442	 0.700801
365.545994	 364.465466	 365.140713	 0.704805
365.885942	 364.799603	 365.498743	 0.708810
366.628556	 365.539982	 366.243659	 0.712815
366.752832	 365.668862	 366.352021	 0.716819
366.078346	 364.999450	 365.665263	 0.720824
365.539289	 364.459320	 365.135706	 0.724828
365.884221	 364.797993	 365.498117	 0.728833
366.632289	 365.543335	 366.246811	 0.732838
366.753056	 365.668795	 366.350881	 0.736842
366.074904	 364.996074	 365.660704	 0.740847
365.536785	 364.457084	 365.132957	 0.744851
365.878499	 364.792763	 365.492306	 0.748856
366.619906	 365.531622	 366.235099	 0.752860
366.738482	 365.654803	 366.337313	 0.756865
366.057782	 364.979400	 365.645370	 0.760870
365.519642	 364.439896	 365.116863	 0.764874
365.867770	 364.781855	 365.481867	 0.768879
366.609557	 365.521184	 366.225286	 0.772883
366.729162	 365.645370	 366.328641	 0.776888
366.049870	 364.971175	 365.637726	 0.780892
365.512936	 364.433101	 365.110806	 0.784897
365.859813	 364.773876	 365.475452	 0.788902
366.605422	 365.516602	 366.221285	 0.792906
366.723842	 365.639626	 366.322762	 0.796911
366.046472	 364.967554	 365.633010	 0.800915
365.508600	 364.428765	 365.105754	 0.804920
365.861512	 364.775574	 365.476212	 0.808924
366.608105	 365.519396	 366.223051	 0.812929
366.727083	 365.642867	 366.325221	 0.816934
366.049467	 364.970549	 365.636966	 0.820938
365.517630	 364.437415	 365.123971	 0.824943
365.871056	 364.784493	 365.500374	 0.828947
366.612083	 365.523151	 366.242631	 0.832952
366.729653	 365.645460	 366.343438	 0.836957
366.054161	 364.975109	 365.655876	 0.840961
365.526839	 364.446423	 365.138120	 0.844966
365.882522	 364.795825	 365.511304	 0.848970
366.627595	 365.538395	 366.257339	 0.852975
366.742103	 365.657328	 366.354859	 0.856979
366.062923	 364.983177	 365.663721	 0.860984
365.533723	 364.452547	 365.144468	 0.864989
365.885830	 364.798574	 365.514300	 0.868993
366.630635	 365.541055	 366.252935	 0.872998
366.744338	 365.659474	 366.342231	 0.877002
366.062163	 364.982395	 365.648030	 0.881007
365.532695	 364.451877	 365.128687	 0.885011
365.885540	 364.798641	 365.498899	 0.889016
366.629428	 365.540250	 366.243548	 0.893021
366.739354	 365.655071	 366.336687	 0.897025
366.056620	 364.977545	 365.642330	 0.901030
365.528024	 364.447808	 365.124150	 0.905034
365.887842	 364.801503	 365.501716	 0.909039
366.633273	 365.544564	 366.247616	 0.913043
366.744964	 365.661061	 366.342342	 0.917048
366.065047	 364.986039	 365.650511	 0.921053
365.539669	 364.459431	 365.135236	 0.925057
365.898884	 364.812701	 365.512221	 0.929062
366.643152	 365.554510	 366.257227	 0.933066
366.754889	 365.670896	 366.351864	 0.937071
366.077809	 364.998913	 365.662715	 0.941076
365.554488	 364.474586	 365.149989	 0.945080
365.914485	 364.828593	 365.527934	 0.949085
366.656384	 365.567810	 366.270303	 0.953089
366.762980	 365.678853	 366.360179	 0.957094
366.080983	 365.001908	 365.666470	 0.961098
365.555404	 364.475078	 365.150816	 0.965103
365.907802	 364.821306	 365.520983	 0.969108
366.639397	 365.550398	 366.253517	 0.973112
366.746641	 365.662358	 366.343795	 0.977117
366.065114	 364.986083	 365.650601	 0.981121
365.538507	 364.458224	 365.134342	 0.985126
365.893184	 364.806822	 365.506834	 0.989130
366.631730	 365.542575	 366.245448	 0.993135
366.738527	 365.654065	 366.335190	 0.997140
366.056911	 364.977835	 365.642599	 1.001144
365.532874	 364.452704	 365.129246	 1.005149
365.893810	 364.807627	 365.507639	 1.009153
366.631999	 365.543446	 366.246632	 1.013158
366.735912	 365.651830	 366.334028	 1.017162
366.059548	 364.980741	 365.647136	 1.021167
365.542664	 364.462605	 365.140847	 1.025172
365.910685	 364.824547	 365.525945	 1.029176
366.651780	 365.563093	 366.267553	 1.033181
366.752765	 365.668728	 366.352222	 1.037185
366.072937	 364.994040	 365.661061	 1.041190
365.560657	 364.479995	 365.157812	 1.045195
365.926868	 364.839746	 365.540250	 1.049199
366.661414	 365.571811	 366.275421	 1.053204
366.760991	 365.675970	 366.358167	 1.057208
366.080983	 365.001148	 365.666537	 1.061213
365.563339	 364.482230	 365.158594	 1.065217
365.921280	 364.834203	 365.534819	 1.069222
366.655066	 365.565552	 366.269409	 1.073227
366.751469	 365.666671	 366.349249	 1.077231
366.065002	 364.985502	 365.651495	 1.081236
365.546687	 364.465779	 365.142925	 1.085240
365.908182	 364.820949	 365.521653	 1.089245
366.642549	 365.553102	 366.256892	 1.093249
366.741500	 365.656904	 366.339280	 1.097254
366.059570	 364.980339	 365.645907	 1.101259
365.547067	 364.466651	 365.143998	 1.105263
365.913748	 364.827207	 365.528135	 1.109268
366.648606	 365.559830	 366.263620	 1.113272
366.747334	 365.663520	 366.345874	 1.117277
366.070880	 364.992565	 365.657485	 1.121281
365.562311	 364.482744	 365.158929	 1.125286
365.934892	 364.849246	 365.549057	 1.129291
366.674445	 365.586697	 366.289369	 1.133295
366.770289	 365.687660	 366.369433	 1.137300
366.082615	 365.005283	 365.670941	 1.141304
365.570291	 364.491685	 365.169032	 1.145309
365.942917	 364.858075	 365.559093	 1.149314
366.678803	 365.591614	 366.295068	 1.153318
366.768434	 365.685805	 366.367443	 1.157323
366.083420	 365.005663	 365.671052	 1.161327
365.571833	 364.492467	 365.169636	 1.165332
365.947767	 364.861875	 365.562356	 1.169336
366.683318	 365.594721	 366.298242	 1.173341
366.778581	 365.694656	 366.376228	 1.177346
366.093478	 365.014537	 365.679434	 1.181350
365.578717	 364.498323	 365.175134	 1.185355
365.947476	 364.860690	 365.561283	 1.189359
366.682089	 365.592888	 366.296477	 1.193364
366.776480	 365.691862	 366.373925	 1.197368
366.093679	 365.013911	 365.679211	 1.201373
365.580997	 364.499888	 365.176721	 1.205378
365.954696	 364.867395	 365.567698	 1.209382
366.690001	 365.600689	 366.304054	 1.213387
366.781152	 365.696846	 366.378820	 1.217391
366.096093	 365.016839	 365.682340	 1.221396
365.589156	 364.508404	 365.185573	 1.225400
365.967437	 364.880605	 365.580707	 1.229405
366.705446	 365.616402	 366.319365	 1.233410
366.797938	 365.713878	 366.395472	 1.237414
366.111672	 365.032731	 365.697875	 1.241419
365.602053	 364.521770	 365.198358	 1.245423
365.978277	 364.891781	 365.591927	 1.249428
366.715840	 365.627109	 366.329892	 1.253432
366.806745	 365.722752	 366.403698	 1.257437
366.118668	 365.039660	 365.704133	 1.261442
365.608579	 364.528163	 365.205019	 1.265446
365.985787	 364.899157	 365.599661	 1.269451
366.723104	 365.634194	 366.337470	 1.273455
366.814568	 365.730173	 366.411677	 1.277460
366.130448	 365.050948	 365.715488	 1.281465
365.620023	 364.538937	 365.214920	 1.285469
365.991040	 364.904097	 365.603796	 1.289474
366.726167	 365.637257	 366.339683	 1.293478
366.814121	 365.729905	 366.410515	 1.297483
366.122424	 365.043505	 365.708134	 1.301487
365.611954	 364.531963	 365.209288	 1.305492
365.988492	 364.902421	 365.603237	 1.309497
366.725831	 365.637659	 366.340733	 1.313501
366.811416	 365.727938	 366.409688	 1.317506
366.123273	 365.044891	 365.710459	 1.321510
365.621297	 364.541507	 365.218787	 1.325515
366.004183	 364.918268	 365.619330	 1.329519
366.743355	 365.655205	 366.358436	 1.333524
366.828493	 365.745037	 366.426966	 1.337529
366.142965	 365.064225	 365.729569	 1.341533
365.645728	 364.565423	 365.241810	 1.345538
366.034201	 364.947795	 365.647047	 1.349542
366.764790	 365.676037	 366.377435	 1.353547
366.840049	 365.756056	 366.436510	 1.357551
366.148016	 365.068963	 365.734263	 1.361556
365.647471	 364.566809	 365.244402	 1.365561
366.028345	 364.941626	 365.642152	 1.369565
366.752609	 365.663632	 366.366460	 1.373570
366.830549	 365.746288	 366.427234	 1.377574
366.156890	 365.077502	 365.742623	 1.381579
365.676931	 364.596224	 365.273862	 1.385584
366.059705	 364.973164	 365.673399	 1.389588
366.763650	 365.675053	 366.377323	 1.393593
366.828247	 365.744210	 366.425558	 1.397597
366.156935	 365.077725	 365.743986	 1.401602
365.682139	 364.601343	 365.279495	 1.405606
366.063817	 364.976830	 365.677713	 1.409611
366.763516	 365.674673	 366.377591	 1.413616
366.823240	 365.739181	 366.421065	 1.417620
366.152710	 365.073523	 365.740298	 1.421625
365.682854	 364.602058	 365.280813	 1.425629
366.065002	 364.978260	 365.679725	 1.429634
366.766467	 365.677691	 366.380832	 1.433638
366.826660	 365.742578	 366.424507	 1.437643
366.154454	 365.075378	 365.742243	 1.441648
365.685581	 364.604852	 365.283160	 1.445652
366.071752	 364.984899	 365.685335	 1.449657
366.777687	 365.688844	 366.390622	 1.453661
366.836025	 365.752033	 366.432643	 1.457666
366.159282	 365.079916	 365.745394	 1.461670
365.688688	 364.607601	 365.285105	 1.465675
366.071618	 364.984697	 365.684843	 1.469680
366.777531	 365.688755	 366.390264	 1.473684
366.836159	 365.752480	 366.432956	 1.477689
366.158879	 365.080028	 365.745037	 1.481693
365.687928	 364.607400	 365.284434	 1.485698
366.072981	 364.986240	 365.685670	 1.489703
366.782538	 365.693449	 366.394556	 1.493707
366.846106	 365.761532	 366.441562	 1.497712
366.159505	 365.079849	 365.743718	 1.501716
365.666090	 364.584825	 365.261144	 1.505721
366.051613	 364.964178	 365.663810	 1.509725
366.775229	 365.685603	 366.387158	 1.513730
366.841926	 365.757174	 366.436890	 1.517735
366.148307	 365.068539	 365.732319	 1.521739
365.648991	 364.567569	 365.244291	 1.525744
366.035788	 364.948331	 365.648678	 1.529748
366.760991	 365.671678	 366.374395	 1.533753
366.829096	 365.744701	 366.425692	 1.537757
366.138941	 365.059531	 365.724250	 1.541762
365.642107	 364.561199	 365.238613	 1.545767
366.025797	 364.938832	 365.639693	 1.549771
366.750977	 365.662179	 366.364940	 1.553776
366.822994	 365.739002	 366.420350	 1.557780
366.132370	 365.053407	 365.719019	 1.561785
365.641168	 364.560573	 365.238323	 1.565789
366.027339	 364.940620	 365.641727	 1.569794
366.752542	 365.663788	 366.366527	 1.573799
366.824738	 365.740633	 366.421132	 1.577803
366.134024	 365.054725	 365.719310	 1.581808
365.638955	 364.557980	 365.234813	 1.585812
366.028412	 364.940910	 365.640811	 1.589817
366.754017	 365.664190	 366.366169	 1.593822
366.818658	 365.733548	 366.413801	 1.597826
366.121395	 365.041180	 365.705228	 1.601831
365.626818	 364.545106	 365.221425	 1.605835
366.015806	 364.927924	 365.627645	 1.609840
366.742707	 365.652925	 366.354301	 1.613844
366.806655	 365.721880	 366.401530	 1.617849
366.118221	 365.038252	 365.701294	 1.621854
365.626371	 364.544882	 365.220508	 1.625858
366.015292	 364.927879	 365.627623	 1.629863
366.740673	 365.651450	 366.353474	 1.633867
366.807147	 365.722864	 366.403027	 1.637872
366.114399	 365.035279	 365.699529	 1.641876
365.624404	 364.543876	 365.220374	 1.645881
366.020813	 364.933914	 365.633457	 1.649886
366.746395	 365.657194	 366.358659	 1.653890
366.811997	 365.727379	 366.406984	 1.657895
366.115137	 365.035436	 365.699283	 1.661899
365.617967	 364.536701	 365.213602	 1.665904
366.006172	 364.918894	 365.619755	 1.669908
366.736806	 365.647538	 366.350277	 1.673913
366.806812	 365.722596	 366.403765	 1.677918
366.115897	 365.036039	 365.701965	 1.681922
365.624538	 364.542781	 365.221380	 1.685927
366.015269	 364.927656	 365.629389	 1.689931
366.740449	 365.650958	 366.354457	 1.693936
366.806230	 365.721456	 366.402849	 1.697941
366.108007	 365.028127	 365.693449	 1.701945
365.617520	 364.535941	 365.213736	 1.705950
366.016141	 364.927924	 365.629031	 1.709954
366.746305	 365.656077	 366.359039	 1.713959
366.812444	 365.726999	 366.407811	 1.717963
366.112946	 365.032530	 365.697964	 1.721968
365.621119	 364.539048	 365.217021	 1.725973
366.016633	 364.928483	 365.629813	 1.729977
366.743400	 365.653082	 366.356267	 1.733982
366.803884	 365.718304	 366.399876	 1.737986
366.106196	 365.025556	 365.691370	 1.741991
365.617252	 364.535204	 365.213468	 1.745995
366.014576	 364.926695	 365.628048	 1.750000
366.744562	 365.654646	 366.357050	 1.754005
366.803749	 365.718505	 366.399026	 1.758009
366.107113	 365.026696	 365.691527	 1.762014
365.620605	 364.538512	 365.216083	 1.766018
366.020634	 364.932350	 365.633166	 1.770023
366.746797	 365.656568	 366.359374	 1.774027
366.808421	 365.723355	 366.404368	 1.778032
366.108051	 365.028216	 365.693315	 1.782037
365.617319	 364.536254	 365.214809	 1.786041
366.016163	 364.929109	 365.631870	 1.790046
366.748094	 365.658893	 366.363018	 1.794050
366.805314	 365.721031	 366.403027	 1.798055
366.104900	 365.025579	 365.691840	 1.802059
365.619532	 364.538624	 365.217156	 1.806064
366.022556	 364.935546	 365.637301	 1.810069
366.753436	 365.664481	 366.367510	 1.814073
366.811036	 365.727155	 366.408168	 1.818078
366.105146	 365.026115	 365.691974	 1.822082
365.616000	 364.535405	 365.214429	 1.826087
366.018287	 364.931321	 365.634239	 1.830092
366.746283	 365.657172	 366.361855	 1.834096
366.801224	 365.717052	 366.399518	 1.838101
366.100653	 365.021310	 365.687347	 1.842105
365.618973	 364.537819	 365.215859	 1.846110
366.021863	 364.934562	 365.636050	 1.850114
366.747959	 365.658468	 366.361230	 1.854119
366.799391	 365.714527	 366.395450	 1.858124
366.098440	 365.018225	 365.683346	 1.862128
365.617744	 364.535740	 365.213468	 1.866133
366.024568	 364.936105	 365.637257	 1.870137
366.750441	 365.659675	 366.362794	 1.874142
366.802230	 365.716203	 366.397395	 1.878146
366.099357	 365.018113	 365.683793	 1.882151
365.613452	 364.530890	 365.209288	 1.886156
366.019985	 364.931321	 365.632563	 1.890160
366.745836	 365.655518	 366.358480	 1.894165
366.795457	 365.710503	 366.392187	 1.898169
366.089097	 365.009351	 365.675433	 1.902174
365.609272	 364.528163	 365.206360	 1.906178
366.017281	 364.930539	 365.632317	 1.910183
366.744428	 365.656077	 366.359508	 1.914188
366.793848	 365.710704	 366.391673	 1.918192
366.084828	 365.006513	 365.671902	 1.922197
365.602924	 364.522620	 365.201219	 1.926201
366.012185	 364.925510	 365.627623	 1.930206
366.737700	 365.649192	 366.352691	 1.934211
366.788349	 365.705072	 366.385526	 1.938215
366.085454	 365.006960	 365.671969	 1.942220
365.610971	 364.530421	 365.208707	 1.946224
366.021885	 364.934898	 365.636363	 1.950229
366.747132	 365.658200	 366.360336	 1.954233
366.794406	 365.710235	 366.389974	 1.958238
366.081632	 365.002467	 365.667677	 1.962243
365.599929	 364.518865	 365.197486	 1.966247
366.012721	 364.925063	 365.626796	 1.970252
366.737454	 365.647740	 366.350568	 1.974256
366.781174	 365.696377	 366.376719	 1.978261
366.075373	 364.995203	 365.659385	 1.982265
365.594229	 364.511958	 365.189261	 1.986270
366.007178	 364.918290	 365.618682	 1.990275
366.732201	 365.641235	 366.343013	 1.994279
366.776905	 365.691035	 366.370863	 1.998284
366.063415	 364.982954	 365.648343	 2.002288
365.582450	 364.500425	 365.179113	 2.006293
365.992761	 364.904790	 365.607864	 2.010297
366.725183	 365.635424	 366.340286	 2.014302
366.773083	 365.688330	 366.370886	 2.018307
366.065136	 364.985256	 365.651830	 2.022311
365.584730	 364.503129	 365.182734	 2.026316
365.999243	 364.911540	 365.614681	 2.030320
366.729072	 365.639514	 366.343683	 2.034325
366.771764	 365.687392	 366.369723	 2.038330
366.064153	 364.984832	 365.651450	 2.042334
365.590094	 364.509052	 365.188389	 2.046339
366.008966	 364.921822	 365.624024	 2.050343
366.738907	 365.649818	 366.353295	 2.054348
366.784840	 365.700959	 366.381972	 2.058352
366.079486	 365.000679	 365.666314	 2.062357
365.605607	 364.525146	 365.204013	 2.066362
366.025395	 364.938653	 365.640878	 2.070366
366.754553	 365.665912	 366.369142	 2.074371
366.799123	 365.715219	 366.396143	 2.078375
366.090483	 365.011251	 365.676707	 2.082380
365.615061	 364.533818	 365.212395	 2.086384
366.033486	 364.945805	 365.647695	 2.090389
366.761371	 365.671745	 366.374708	 2.094394
366.804286	 365.719377	 366.399630	 2.098398
366.093880	 365.013799	 365.678451	 2.102403
365.618302	 364.536523	 365.214317	 2.106407
366.033352	 364.945381	 365.646913	 2.110412
366.754173	 365.664481	 366.367220	 2.114416
366.790271	 365.705854	 366.386375	 2.118421
366.079888	 365.000366	 365.665085	 2.122426
365.606255	 364.525011	 365.203029	 2.126430
366.025372	 364.937870	 365.639179	 2.130435
366.749368	 365.659854	 366.362079	 2.134439
366.782806	 365.698344	 366.378910	 2.138444
366.069785	 364.990285	 365.655540	 2.142449
365.600220	 364.519066	 365.197106	 2.146453
366.026445	 364.939256	 365.640140	 2.150458
366.753905	 365.664906	 366.366527	 2.154462
366.786628	 365.702859	 366.382508	 2.158467
366.074636	 364.995896	 365.660704	 2.162471
365.606769	 364.526196	 365.204594	 2.166476
366.035341	 364.948309	 365.649237	 2.170481
366.764969	 365.676193	 366.377546	 2.174485
366.798743	 365.715085	 366.394601	 2.178490
366.090058	 365.011117	 365.675523	 2.182494
365.625298	 364.544435	 365.222922	 2.186499
366.056754	 364.969610	 365.671097	 2.190503
366.785309	 365.696466	 366.398781	 2.194508
366.824648	 365.741125	 366.421468	 2.198513
366.123072	 365.044310	 365.709497	 2.202517
365.671946	 364.591016	 365.269436	 2.206522
366.113259	 365.026182	 365.727446	 2.210526
366.854466	 365.765824	 366.466573	 2.214531
366.902388	 365.818462	 366.496055	 2.218535
366.196497	 365.116595	 365.779660	 2.222540
365.742578	 364.660552	 365.336871	 2.226545
366.188339	 365.099988	 365.799508	 2.230549
366.931445	 365.840859	 366.541228	 2.234554
366.973936	 365.887529	 366.565703	 2.238558
366.267263	 365.184656	 365.847542	 2.242563
365.811533	 364.726378	 365.403010	 2.246568
366.250432	 365.158438	 365.859411	 2.250572
366.990364	 365.895844	 366.597823	 2.254577
367.035246	 365.945353	 366.624533	 2.258581
366.330809	 365.245430	 365.909970	 2.262586
365.885920	 364.798776	 365.477173	 2.266590
366.340688	 365.247442	 365.948147	 2.270595
367.079995	 365.984603	 366.685620	 2.274600
367.117791	 366.027138	 366.706408	 2.278604
366.427301	 365.342258	 366.007893	 2.282609
366.016789	 364.930204	 365.610256	 2.286613
366.498022	 365.404195	 366.107157	 2.290618
367.241330	 366.146228	 366.849436	 2.294622
367.285787	 366.196520	 366.877085	 2.298627
366.646326	 365.559763	 366.226449	 2.302632
366.298645	 365.209891	 365.890815	 2.306636
366.791724	 365.696086	 366.397842	 2.310641
367.495111	 366.398378	 367.098748	 2.314645
367.520883	 366.428665	 367.108717	 2.318650
366.914592	 365.825905	 366.494401	 2.322654
366.603478	 365.513450	 366.195514	 2.326659
367.080062	 365.985877	 366.687409	 2.330664
367.740042	 366.645276	 367.345444	 2.334668
367.749429	 366.657793	 367.339945	 2.338673
367.163501	 366.073607	 366.747200	 2.342677
366.859673	 365.767634	 366.454056	 2.346682
367.308497	 366.213529	 366.916000	 2.350686
367.928601	 366.835355	 367.533467	 2.354691
367.930188	 366.842217	 367.520257	 2.358696
367.352753	 366.269029	 366.937055	 2.362700
367.053016	 365.967727	 366.649187	 2.366705
367.486729	 366.396434	 367.096870	 2.370709
368.083610	 366.990364	 367.692097	 2.374714
368.070803	 366.981446	 367.665387	 2.378719
367.505371	 366.421043	 367.092757	 2.382723
367.213837	 366.129040	 366.811841	 2.386728
367.635838	 366.547151	 367.247633	 2.390732
368.216938	 367.128431	 367.826632	 2.394737
368.199839	 367.116383	 367.794759	 2.398741
367.633759	 366.554460	 367.222331	 2.402746
367.345511	 366.265184	 366.944364	 2.406751
367.761298	 366.676300	 367.372199	 2.410755
368.322260	 367.235987	 367.930479	 2.414760
368.284396	 367.201543	 367.879114	 2.418764
367.709934	 366.629451	 367.298103	 2.422769
367.417126	 366.333692	 367.014929	 2.426773
367.822229	 366.734124	 367.432973	 2.430778
368.374295	 367.284602	 367.981306	 2.434783
368.330798	 367.244302	 367.924332	 2.438787
367.765634	 366.682089	 367.353111	 2.442792
367.485522	 366.399496	 367.083549	 2.446796
367.896549	 366.805672	 367.507651	 2.450801
368.444300	 367.354139	 368.054955	 2.454805
368.416249	 367.331407	 368.014543	 2.458810
367.875560	 366.794362	 367.468021	 2.462815
367.622293	 366.539194	 367.225661	 2.466819
368.057973	 366.971902	 367.676563	 2.470824
368.634424	 367.549001	 368.252031	 2.474828
368.635274	 367.555752	 368.240810	 2.478833
368.128984	 367.052055	 367.726809	 2.482838
367.911122	 366.830437	 367.518826	 2.486842
368.368796	 367.281853	 367.988839	 2.490847
368.946991	 367.858238	 368.563569	 2.494851
368.944622	 367.859668	 368.547275	 2.498856
368.437684	 367.354608	 368.032872	 2.502860
368.215284	 367.130867	 367.820061	 2.506865
368.665024	 367.576606	 368.281647	 2.510870
369.222879	 368.133991	 368.836954	 2.514874
369.194581	 368.112824	 368.796072	 2.518879
368.669584	 367.593749	 368.265442	 2.522883
368.437505	 367.359727	 368.044048	 2.526888
368.874750	 367.793865	 368.494078	 2.530892
369.421250	 368.342198	 369.038902	 2.534897
369.394898	 368.321656	 369.000635	 2.538902
368.886463	 367.817267	 368.487305	 2.542906
368.673473	 367.602265	 368.285648	 2.546911
369.125135	 368.050753	 368.751279	 2.550915
369.673043	 368.597879	 369.296751	 2.554920
369.633145	 368.560194	 369.241587	 2.558924
369.093775	 368.025004	 368.696942	 2.562929
368.843547	 367.771736	 368.456862	 2.566934
369.262553	 368.186473	 368.887737	 2.570938
369.784511	 368.708275	 369.406096	 2.574943
369.720004	 368.646807	 369.326501	 2.578947
369.164988	 368.092931	 368.764064	 2.582952
368.906534	 367.830857	 368.515982	 2.586957
369.309335	 368.227913	 368.931077	 2.590961
369.810707	 368.727430	 369.428850	 2.594966
369.729280	 368.650004	 369.333699	 2.598970
369.161948	 368.084907	 368.759616	 2.602975
368.890374	 367.811545	 368.498839	 2.606979
369.281306	 368.199392	 368.902109	 2.610984
369.766674	 368.684045	 369.383230	 2.614989
369.663521	 368.584803	 369.266040	 2.618993
369.071535	 367.996193	 368.667773	 2.622998
368.780337	 367.701820	 368.385716	 2.627002
369.148224	 368.064187	 368.765115	 2.631007
369.618818	 368.533640	 369.232356	 2.635011
369.509272	 368.427626	 369.109377	 2.639016
368.923142	 367.844424	 368.517167	 2.643021
368.640884	 367.560669	 368.245638	 2.647025
369.025759	 367.941051	 368.642180	 2.651030
369.512580	 368.427201	 369.125313	 2.655034
369.417831	 368.335269	 369.016617	 2.659039
368.843391	 367.761745	 368.435740	 2.663043
368.580311	 367.497436	 368.185512	 2.667048
368.989750	 367.900862	 368.606798	 2.671053
369.501113	 368.410616	 369.116239	 2.675057
369.444295	 368.362605	 369.047462	 2.679062
368.914894	 367.841183	 368.514105	 2.683066
368.693858	 367.618359	 368.302546	 2.687071
369.137026	 368.057794	 368.758342	 2.691076
369.676507	 368.596739	 369.296528	 2.695080
369.634531	 368.557870	 369.241542	 2.699085
369.107097	 368.031419	 368.707872	 2.703089
368.880629	 367.804973	 368.491619	 2.707094
369.313180	 368.232741	 368.933848	 2.711098
369.835249	 368.753425	 369.451962	 2.715103
369.780532	 368.700898	 369.383476	 2.719108
369.243688	 368.166379	 368.840440	 2.723112
369.012303	 367.933272	 368.619784	 2.727117
369.447268	 368.365131	 369.066506	 2.731121
369.971550	 368.889592	 369.587033	 2.735126
369.908742	 368.830248	 369.511104	 2.739130
369.371384	 368.296779	 368.968784	 2.743135
369.146480	 368.068903	 368.754051	 2.747140
369.586922	 368.502773	 369.205221	 2.751144
370.114758	 369.029313	 369.729459	 2.755149
370.054699	 368.971019	 369.653709	 2.759153
369.519308	 368.436634	 369.110896	 2.763158
369.289420	 368.203483	 368.890687	 2.767162
369.712874	 368.622712	 369.326233	 2.771167
370.220303	 369.130499	 369.831606	 2.775172
370.138563	 369.053452	 369.736902	 2.779176
369.576707	 368.494480	 369.168676	 2.783181
369.319170	 368.235066	 368.920907	 2.787185
369.710437	 368.622176	 369.323730	 2.791190
370.180718	 369.092859	 369.790926	 2.795195
370.051525	 368.968158	 369.647495	 2.799199
369.436338	 368.355631	 369.025714	 2.803204
369.125582	 368.042640	 368.725374	 2.807208
369.476839	 368.389561	 369.088254	 2.811213
369.916342	 368.829019	 369.524895	 2.815217
369.766943	 368.683799	 369.362063	 2.819222
369.140870	 368.061281	 368.730403	 2.823227
368.825331	 367.743461	 368.424609	 2.827231
369.168318	 368.082202	 368.778325	 2.831236
369.590990	 368.505030	 369.197778	 2.835240
369.420960	 368.338979	 369.013108	 2.839245
368.768736	 367.689996	 368.356123	 2.843249
368.431158	 367.349445	 368.028714	 2.847254
368.750251	 367.662772	 368.359319	 2.851259
369.162350	 368.073373	 368.767507	 2.855263
368.985436	 367.900147	 368.576734	 2.859268
368.328675	 367.244079	 367.911301	 2.863272
367.981753	 366.893402	 367.573029	 2.867277
368.299394	 367.208003	 367.903455	 2.871281
368.715651	 367.623746	 368.316046	 2.875286
368.539005	 367.450832	 368.125185	 2.879291
367.884076	 366.798899	 367.464109	 2.883295
367.548174	 366.461120	 367.138511	 2.887300
367.885328	 366.794116	 367.487534	 2.891304
368.321120	 367.227471	 367.917805	 2.895309
368.167519	 367.076776	 367.749228	 2.899314
367.529242	 366.441182	 367.105230	 2.903318
367.206170	 366.115427	 366.793915	 2.907323
367.562099	 366.464830	 367.161221	 2.911327
368.017114	 366.918771	 367.613061	 2.915332
367.881975	 366.789198	 367.464601	 2.919336
367.262117	 366.173520	 366.839713	 2.923341
366.953551	 365.862383	 366.542480	 2.927346
367.317907	 366.222291	 366.919196	 2.931350
367.785863	 366.689577	 367.383554	 2.935355
367.665476	 366.573616	 367.249443	 2.939359
367.055587	 365.968398	 366.636134	 2.943364
366.758577	 365.669845	 366.351127	 2.947368
367.142535	 366.047612	 366.745277	 2.951373
367.629713	 366.533964	 367.228813	 2.955378
367.525353	 366.434610	 367.110572	 2.959382
366.930104	 365.843563	 366.510226	 2.963387
366.639822	 365.552096	 366.231411	 2.967391
367.028586	 365.936457	 366.631887	 2.971396
367.518089	 366.426653	 367.119669	 2.975400
367.411136	 366.325713	 367.000601	 2.979405
366.812757	 365.730262	 366.396210	 2.983410
366.526007	 365.441142	 366.119317	 2.987414
366.913027	 365.823245	 366.517535	 2.991419
367.402821	 366.313732	 367.005072	 2.995423
367.294705	 366.210936	 366.884439	 2.999428
366.692684	 365.611820	 366.277053	 3.003432
366.397216	 365.314028	 365.993119	 3.007437
366.780481	 365.693427	 366.389616	 3.011442
367.264620	 366.178057	 366.871319	 3.015446
367.151520	 366.069048	 366.743668	 3.019451
366.537138	 365.457593	 366.123340	 3.023455
366.233735	 365.152961	 365.829817	 3.027460
366.606384	 365.520759	 366.213261	 3.031465
367.078676	 365.993476	 366.683095	 3.035469
366.950444	 365.870251	 366.541787	 3.039474
366.325444	 365.247710	 365.910395	 3.043478
366.002663	 364.922090	 365.599415	 3.047483
366.376339	 365.290916	 365.985050	 3.051487
366.869352	 365.782208	 366.472251	 3.055492
366.758755	 365.676082	 366.346366	 3.059497
366.134941	 365.057676	 365.717455	 3.063501
365.819021	 364.740035	 365.412152	 3.067506
366.194709	 365.109577	 365.798547	 3.071510
366.678870	 365.592397	 366.278796	 3.075515
366.543173	 365.460365	 366.128324	 3.079519
365.887753	 364.808141	 365.466355	 3.083524
365.541725	 364.460080	 365.130677	 3.087529
365.889652	 364.802955	 365.490160	 3.091533
366.352110	 365.264295	 365.949846	 3.095538
366.203717	 365.119769	 365.789383	 3.099542
365.545659	 364.464617	 365.126542	 3.103547
365.208081	 364.124580	 364.799871	 3.107551
365.584082	 364.493831	 365.186377	 3.111556
366.070880	 364.981278	 365.670851	 3.115561
365.950293	 364.866211	 365.536674	 3.119565
365.319594	 364.236205	 364.898911	 3.123570
365.007206	 363.918407	 364.596895	 3.127574
365.404933	 364.309004	 365.006446	 3.131579
365.924521	 364.826291	 365.520692	 3.135584
365.830756	 364.738269	 365.411705	 3.139588
365.215211	 364.128559	 364.790930	 3.143593
364.919900	 363.832085	 364.507734	 3.147597
365.342057	 364.249034	 364.942341	 3.151602
365.876577	 364.783196	 365.473709	 3.155606
365.784242	 364.697276	 365.367762	 3.159611
365.159533	 364.077909	 364.737666	 3.163616
364.849022	 363.766013	 364.438711	 3.167620
365.253611	 364.165439	 364.856309	 3.171625
365.781761	 364.692515	 365.382067	 3.175629
365.675635	 364.590837	 365.262708	 3.179634
365.032150	 363.951153	 364.613614	 3.183638
364.708609	 363.626047	 364.301494	 3.187643
365.107565	 364.020287	 364.715314	 3.191648
365.631736	 364.543519	 365.246101	 3.195652
365.516065	 364.431827	 365.119322	 3.199657
364.854007	 363.772562	 364.451206	 3.203661
364.511220	 363.427496	 364.120735	 3.207666
364.908769	 363.819993	 364.527828	 3.211670
365.448608	 364.359363	 365.055061	 3.215675
365.348651	 364.263988	 364.939167	 3.219680
364.699824	 363.618559	 364.285267	 3.223684
364.382944	 363.299264	 363.980724	 3.227689
364.804341	 363.714805	 364.415242	 3.231693
365.357547	 364.266581	 364.963977	 3.235698
365.261300	 364.174402	 364.852107	 3.239703
364.612429	 363.528638	 364.196307	 3.243707
364.291726	 363.205387	 363.887473	 3.247712
364.718578	 363.626158	 364.327221	 3.251716
365.272811	 364.178582	 364.877275	 3.255721
365.173056	 364.082872	 364.762387	 3.259725
364.519558	 363.432570	 364.102519	 3.263730
364.197335	 363.108470	 363.792567	 3.267735
364.632769	 363.538495	 364.240831	 3.271739
365.194245	 364.098674	 364.798150	 3.275744
365.086510	 363.995744	 364.675394	 3.279748
364.420271	 363.333753	 364.003255	 3.283753
364.091209	 363.002947	 363.687268	 3.287757
364.525905	 363.432548	 364.135845	 3.291762
365.088611	 363.994627	 364.695175	 3.295767
364.982194	 363.893373	 364.573783	 3.299771
364.316939	 363.233103	 363.903476	 3.303776
363.991699	 362.907840	 363.591804	 3.307780
364.433727	 363.346091	 364.047444	 3.311785
365.005350	 363.918586	 364.616117	 3.315789
364.905729	 363.826072	 364.503017	 3.319794
364.246263	 363.171613	 363.838098	 3.323799
363.930187	 362.853973	 363.535254	 3.327803
364.381357	 363.301164	 364.001064	 3.331808
364.964581	 363.884030	 364.580690	 3.335812
364.872000	 363.796412	 364.472798	 3.339817
364.214501	 363.143785	 363.810404	 3.343822
363.904527	 362.831666	 363.512947	 3.347826
364.364146	 363.284221	 363.984725	 3.351831
364.950767	 363.867714	 364.565982	 3.355835
364.864713	 363.784364	 364.462427	 3.359840
364.216155	 363.138130	 363.806246	 3.363844
363.912551	 362.831889	 363.514511	 3.367849
364.377825	 363.290815	 363.992503	 3.371854
364.968269	 363.879560	 364.578834	 3.375858
364.879264	 363.794601	 364.473982	 3.379863
364.222391	 363.141193	 363.810046	 3.383867
363.911657	 362.827799	 363.511494	 3.387872
364.377021	 363.287261	 363.989821	 3.391876
364.967487	 363.876654	 364.575839	 3.395881
364.879443	 363.793305	 364.471703	 3.399886
364.223039	 363.140410	 363.808616	 3.403890
363.910987	 362.825966	 363.509259	 3.407895
364.377579	 363.286591	 363.989665	 3.411899
364.970772	 363.877794	 364.578499	 3.415904
364.876850	 363.788544	 364.468305	 3.419908
364.214076	 363.129748	 363.799116	 3.423913
363.909914	 362.823127	 363.507515	 3.427918
364.382005	 363.289608	 363.993040	 3.431922
364.979333	 363.886243	 364.586255	 3.435927
364.887288	 363.799004	 364.477760	 3.439931
364.228784	 363.144545	 363.812550	 3.443936
363.924197	 362.838170	 363.520256	 3.447941
364.396847	 363.305813	 364.006742	 3.451945
364.999338	 363.907857	 364.605344	 3.455950
364.913999	 363.827771	 364.504135	 3.459954
364.250420	 363.168328	 363.834857	 3.463959
363.950437	 362.866423	 363.547816	 3.467963
364.432855	 363.343565	 364.044628	 3.471968
365.044555	 363.954617	 364.652394	 3.475973
364.963262	 363.878465	 364.555387	 3.479977
364.307797	 363.226867	 363.893373	 3.483982
364.006473	 362.923531	 363.605617	 3.487986
364.494859	 363.406575	 364.108285	 3.491991
365.111476	 364.022365	 364.721014	 3.495995
365.032821	 363.948783	 364.625952	 3.500000
