366.380877	 365.294381	 366.090215	 0.000000
367.014862	 365.926287	 366.724468	 0.004005
367.179415	 366.093120	 366.887412	 0.008009
366.641744	 365.558645	 366.347997	 0.012014
366.136036	 365.053407	 365.843407	 0.016018
366.364426	 365.278288	 366.074524	 0.020023
367.003976	 365.915335	 366.714477	 0.024027
367.165624	 366.080335	 366.875767	 0.028032
366.623259	 365.541189	 366.331435	 0.032037
366.128324	 365.045561	 365.836277	 0.036041
366.367712	 365.281640	 366.077832	 0.040046
367.007687	 365.919336	 366.718500	 0.044050
367.176822	 366.090997	 366.886272	 0.048055
366.635977	 365.554577	 366.344309	 0.052059
366.139768	 365.058413	 365.848279	 0.056064
366.381167	 365.295677	 366.091221	 0.060069
367.020472	 365.932791	 366.731196	 0.064073
367.179102	 366.094417	 366.889334	 0.068078
366.639352	 365.558511	 366.348377	 0.072082
366.140663	 365.059688	 365.849978	 0.076087
366.382084	 365.296772	 366.092316	 0.080092
367.015309	 365.927248	 366.725787	 0.084096
367.166183	 366.081207	 366.877063	 0.088101
366.615525	 365.534371	 366.325959	 0.092105
366.116858	 365.035525	 365.827269	 0.096110
366.357877	 365.272253	 366.068355	 0.100114
366.977244	 365.889384	 366.688571	 0.104119
367.122843	 366.038582	 366.833678	 0.108124
366.579897	 365.497111	 366.288408	 0.112128
366.064354	 364.984183	 365.773937	 0.116133
366.291157	 365.206538	 366.001545	 0.120137
366.928249	 365.839987	 366.638101	 0.124142
367.082520	 365.999377	 366.792372	 0.128146
366.534053	 365.455112	 366.242318	 0.132151
366.037912	 364.958278	 365.747719	 0.136156
366.278059	 365.193820	 365.988425	 0.140160
366.910971	 365.823894	 366.621560	 0.144165
367.071970	 365.986927	 366.781644	 0.148169
366.531908	 365.450463	 366.240240	 0.152174
366.035788	 364.954210	 365.744768	 0.156178
366.276472	 365.190892	 365.986212	 0.160183
366.910188	 365.822485	 366.620398	 0.164188
367.065578	 365.979752	 366.774849	 0.168192
366.518854	 365.437164	 366.227074	 0.172197
366.024054	 364.942006	 365.732497	 0.176201
366.268313	 365.182175	 365.978009	 0.180206
366.903863	 365.815847	 366.614430	 0.184211
367.053642	 365.968666	 366.764835	 0.188215
366.506941	 365.425183	 366.217351	 0.192220
366.011805	 364.929757	 365.721590	 0.196224
366.255148	 365.169256	 365.965380	 0.200229
366.888217	 365.799664	 366.598695	 0.204233
367.046221	 365.960664	 366.755850	 0.208238
366.502180	 365.420556	 366.210646	 0.212243
366.008206	 364.926248	 365.716829	 0.216247
366.252019	 365.165523	 365.961692	 0.220252
366.888664	 365.799530	 366.598538	 0.224256
367.046802	 365.960172	 366.755850	 0.228261
366.503498	 365.420780	 366.211249	 0.232265
366.011626	 364.928818	 365.719578	 0.236270
366.261720	 365.175157	 365.971080	 0.240275
366.896643	 365.808046	 366.606920	 0.244279
367.053843	 365.967772	 366.762600	 0.248284
366.512082	 365.429631	 366.219385	 0.252288
366.021394	 364.938876	 365.728876	 0.256293
366.269096	 365.182555	 365.977517	 0.260297
366.904690	 365.815691	 366.613357	 0.264302
367.053754	 365.967593	 366.761572	 0.268307
366.501934	 365.419841	 366.209282	 0.272311
366.008072	 364.926091	 365.716114	 0.276316
366.254344	 365.168429	 365.963771	 0.280320
366.885199	 365.797072	 366.595744	 0.284325
367.039761	 365.954361	 366.749144	 0.288330
366.496011	 365.414790	 366.204499	 0.292334
366.006664	 364.925532	 365.715957	 0.296339
366.254768	 365.169502	 365.965447	 0.300343
366.892441	 365.804939	 366.603925	 0.304348
367.045193	 365.960731	 366.756118	 0.308352
366.498693	 365.418344	 366.208500	 0.312357
366.009257	 364.928818	 365.719958	 0.316362
366.257808	 365.173234	 365.970476	 0.320366
366.894699	 365.807577	 366.608149	 0.324371
367.048345	 365.963860	 366.760856	 0.328375
366.504594	 365.423976	 366.215317	 0.332380
366.019024	 364.938496	 365.729860	 0.336384
366.272046	 365.187607	 365.984089	 0.340389
366.910591	 365.823782	 366.622857	 0.344394
367.062627	 365.978545	 366.773731	 0.348398
366.516328	 365.435890	 366.225890	 0.352403
366.030625	 364.949695	 365.740924	 0.356407
366.280584	 365.195251	 365.992716	 0.360412
366.916268	 365.828230	 366.628847	 0.364416
367.068729	 365.983195	 366.779744	 0.368421
366.522676	 365.440762	 366.231880	 0.372426
366.041041	 364.958814	 365.749999	 0.376430
366.298354	 365.212059	 366.008452	 0.380435
366.934842	 365.846245	 366.645164	 0.384439
367.082297	 365.996427	 366.791255	 0.388444
366.534120	 365.451871	 366.241447	 0.392449
366.049266	 364.967084	 365.757330	 0.396453
366.304300	 365.218072	 366.014018	 0.400458
366.941973	 365.853309	 366.652093	 0.404462
367.093853	 366.007781	 366.802051	 0.408467
366.547934	 365.465685	 366.254634	 0.412471
366.061046	 364.978752	 365.768707	 0.416476
366.317308	 365.230947	 366.026535	 0.420481
366.954333	 365.865803	 366.664655	 0.424485
367.100446	 366.015001	 366.810343	 0.428490
366.551912	 365.470580	 366.260155	 0.432494
366.072356	 364.991001	 365.780755	 0.436499
366.335369	 365.250057	 366.045176	 0.440503
366.972594	 365.885182	 366.683072	 0.444508
367.118797	 366.034224	 366.827979	 0.448513
366.570285	 365.489556	 366.278014	 0.452517
366.087421	 365.006736	 365.795865	 0.456522
366.343058	 365.258260	 366.053088	 0.460526
366.980194	 365.893005	 366.690314	 0.464531
367.126039	 366.041533	 366.834416	 0.468535
366.576231	 365.495479	 366.283267	 0.472540
366.089052	 365.008278	 365.796937	 0.476545
366.345360	 365.260898	 366.054787	 0.480549
366.980887	 365.894324	 366.690560	 0.484554
367.122485	 366.038537	 366.831019	 0.488558
366.566597	 365.486449	 366.274505	 0.492563
366.077429	 364.997103	 365.786633	 0.496568
366.333357	 365.248828	 366.044170	 0.500572
366.970985	 365.883774	 366.681463	 0.504577
367.115646	 366.030759	 366.824201	 0.508581
366.564698	 365.483253	 366.271778	 0.512586
366.082034	 365.000344	 365.789919	 0.516590
366.340353	 365.254863	 366.050138	 0.520595
366.972326	 365.884601	 366.683206	 0.524600
367.113656	 366.028591	 366.823665	 0.528604
366.560562	 365.479453	 366.269431	 0.532609
366.078905	 364.997550	 365.788153	 0.536613
366.340308	 365.254997	 366.051546	 0.540618
366.976640	 365.889138	 366.688392	 0.544622
367.114662	 366.029977	 366.825431	 0.548627
366.562284	 365.481308	 366.271443	 0.552632
366.087041	 365.005753	 365.796021	 0.556636
366.350769	 365.265391	 366.060934	 0.560641
366.989045	 365.901275	 366.699255	 0.564645
367.130688	 366.045623	 366.839468	 0.568650
366.577930	 365.496888	 366.285457	 0.572654
366.099714	 365.018717	 365.807867	 0.576659
366.363599	 365.278802	 366.073406	 0.580664
366.994723	 365.907668	 366.705022	 0.584668
367.130733	 366.046271	 366.839669	 0.588673
366.576097	 365.495368	 366.283446	 0.592677
366.091176	 365.010178	 365.799351	 0.596682
366.348064	 365.263200	 366.058408	 0.600686
366.982832	 365.895710	 366.693667	 0.604691
367.121323	 366.036727	 366.830214	 0.608696
366.562395	 365.481510	 366.270124	 0.612700
366.081386	 365.000165	 365.789986	 0.616705
366.344667	 365.259356	 366.054519	 0.620709
366.980149	 365.892603	 366.689711	 0.624714
367.116584	 366.031653	 366.824671	 0.628719
366.562820	 365.481554	 366.269699	 0.632723
366.080156	 364.998757	 365.788176	 0.636728
366.344734	 365.259289	 366.054407	 0.640732
366.982541	 365.894726	 366.692080	 0.644737
367.115333	 366.030446	 366.824179	 0.648741
366.562149	 365.481174	 366.269275	 0.652746
366.086303	 365.005328	 365.793831	 0.656751
366.354010	 365.269190	 366.062878	 0.660755
366.988174	 365.901141	 366.697221	 0.664760
367.117166	 366.032927	 366.825140	 0.668764
366.557232	 365.476592	 366.264089	 0.672769
366.079531	 364.998600	 365.787259	 0.676773
366.349383	 365.264429	 366.058654	 0.680778
366.982362	 365.895285	 366.692058	 0.684783
367.106951	 366.022779	 366.816021	 0.688787
366.545296	 365.465170	 366.253718	 0.692792
366.073518	 364.993102	 365.782319	 0.696796
366.346768	 365.261971	 366.056575	 0.700801
366.979859	 365.892670	 366.689979	 0.704805
367.112136	 366.027473	 366.820804	 0.708810
366.552046	 365.470982	 366.259686	 0.712815
366.078547	 364.997013	 365.786454	 0.716819
366.347327	 365.261703	 366.056374	 0.720824
366.981111	 365.893497	 366.690739	 0.724828
367.113098	 366.028412	 366.821228	 0.728833
366.554617	 365.473552	 366.260937	 0.732838
366.079419	 364.998064	 365.786209	 0.736842
366.352512	 365.267067	 366.060889	 0.740847
366.985760	 365.898280	 366.694896	 0.744851
367.111466	 366.027004	 366.819776	 0.748856
366.548716	 365.468121	 366.255662	 0.752860
366.075865	 364.995002	 365.783459	 0.756865
366.345628	 365.260965	 366.055189	 0.760870
366.973936	 365.887261	 366.684682	 0.764874
367.097183	 366.013213	 366.806812	 0.768879
366.531639	 365.451022	 366.239837	 0.772883
366.057469	 364.976315	 365.765846	 0.776888
366.327881	 365.242592	 366.037643	 0.780892
366.957261	 365.869648	 366.667560	 0.784897
367.079391	 365.994482	 366.788327	 0.788902
366.518988	 365.437857	 366.226337	 0.792906
366.046517	 364.965006	 365.753910	 0.796911
366.322673	 365.236870	 366.030536	 0.800915
366.955071	 365.867033	 366.663045	 0.804920
367.077581	 365.992202	 366.784415	 0.808924
366.513668	 365.432001	 366.219497	 0.812929
366.042427	 364.960602	 365.749015	 0.816934
366.315744	 365.230052	 366.024098	 0.820938
366.944990	 365.857242	 366.654373	 0.824943
367.065958	 365.981183	 366.774402	 0.828947
366.506203	 365.425317	 366.212881	 0.832952
366.035565	 364.954634	 365.742600	 0.836957
366.308658	 365.223794	 366.017393	 0.840961
366.941168	 365.854113	 366.650416	 0.844966
367.058448	 365.974366	 366.767405	 0.848970
366.493954	 365.413851	 366.202040	 0.852975
366.025395	 364.945269	 365.734129	 0.856979
366.298689	 365.214630	 366.009257	 0.860984
366.930819	 365.844860	 366.642012	 0.864989
367.051630	 365.968711	 366.761885	 0.868993
366.490981	 365.411683	 366.199582	 0.872998
366.023450	 364.944084	 365.733257	 0.877002
366.300589	 365.217200	 366.012162	 0.881007
366.936720	 365.850984	 366.647980	 0.885011
367.060683	 365.977562	 366.770311	 0.889016
366.497665	 365.418165	 366.206108	 0.893021
366.025372	 364.945425	 365.735336	 0.897025
366.302489	 365.218117	 366.013928	 0.901030
366.938553	 365.851789	 366.649634	 0.905034
367.061912	 365.977741	 366.770892	 0.909039
366.495519	 365.415080	 366.203404	 0.913043
366.031228	 364.950320	 365.739203	 0.917048
366.309821	 365.224867	 366.019226	 0.921053
366.943895	 365.856639	 366.652920	 0.925057
367.060035	 365.975394	 366.767271	 0.929062
366.493015	 365.412063	 366.199001	 0.933066
366.026579	 364.945358	 365.732989	 0.937071
366.303853	 365.218720	 366.012252	 0.941076
366.928137	 365.841015	 366.638838	 0.945080
367.041728	 365.957401	 366.751782	 0.949085
366.473815	 365.393243	 366.182684	 0.953089
366.012833	 364.932104	 365.722528	 0.957094
366.300612	 365.215814	 366.011917	 0.961098
366.934932	 365.847877	 366.646818	 0.965103
367.052278	 365.968040	 366.763293	 0.969108
366.486757	 365.406363	 366.196430	 0.973112
366.022936	 364.942296	 365.733615	 0.977117
366.312570	 365.227840	 366.024612	 0.981121
366.952567	 365.865535	 366.664006	 0.985126
367.068618	 365.984424	 366.778827	 0.989130
366.502582	 365.421898	 366.211115	 0.993135
366.045645	 364.964648	 365.754380	 0.997140
366.334340	 365.249499	 366.044930	 1.001144
366.964928	 365.878231	 366.676546	 1.005149
367.078788	 365.995041	 366.788886	 1.009153
366.507991	 365.428022	 366.216837	 1.013158
366.046025	 364.965654	 365.755318	 1.017162
366.331904	 365.247308	 366.042740	 1.021167
366.964660	 365.877828	 366.675339	 1.025172
367.075815	 365.991755	 366.784840	 1.029176
366.499475	 365.419260	 366.207695	 1.033181
366.032212	 364.952064	 365.742265	 1.037185
366.320795	 365.236937	 366.032994	 1.041190
366.956322	 365.870676	 366.668767	 1.045195
367.065533	 365.982747	 366.775899	 1.049199
366.488746	 365.409716	 366.198464	 1.053204
366.028457	 364.949158	 365.739806	 1.057208
366.322762	 365.239440	 366.035676	 1.061213
366.958468	 365.872978	 366.671248	 1.065217
367.060616	 365.977964	 366.772502	 1.069222
366.491428	 365.412331	 366.201683	 1.073227
366.038873	 364.959440	 365.749686	 1.077231
366.338654	 365.254952	 366.050317	 1.081236
366.972840	 365.887015	 366.684279	 1.085240
367.075100	 365.992113	 366.785063	 1.089245
366.496927	 365.417628	 366.206086	 1.093249
366.042784	 364.963016	 365.752905	 1.097254
366.342499	 365.258596	 366.053983	 1.101259
366.974114	 365.888177	 366.685710	 1.105263
367.076709	 365.993655	 366.787030	 1.109268
366.504974	 365.425317	 366.213708	 1.113272
366.052038	 364.971912	 365.761421	 1.117277
366.350992	 365.266687	 366.061493	 1.121281
366.982049	 365.895307	 366.692214	 1.125286
367.080688	 365.996941	 366.790294	 1.129291
366.509310	 365.429162	 366.217642	 1.133295
366.059883	 364.979333	 365.768908	 1.137300
366.362079	 365.277371	 366.072713	 1.141304
366.992845	 365.905925	 366.703703	 1.145309
367.095283	 366.011224	 366.804420	 1.149314
366.522721	 365.442394	 366.230718	 1.153318
366.072289	 364.991649	 365.781023	 1.157323
366.377032	 365.292302	 366.087197	 1.161327
367.008670	 365.921884	 366.719461	 1.165332
367.105945	 366.021975	 366.815752	 1.169336
366.532846	 365.452385	 366.240932	 1.173341
366.088270	 365.007340	 365.797004	 1.177346
366.393863	 365.308865	 366.104296	 1.181350
367.022931	 365.935742	 366.733543	 1.185355
367.119110	 366.034827	 366.828269	 1.189359
366.551622	 365.470781	 366.258590	 1.193364
366.108901	 365.027389	 365.816115	 1.197368
366.417489	 365.331641	 366.125553	 1.201373
367.048322	 365.960597	 366.756364	 1.205378
367.142512	 366.057805	 366.849861	 1.209382
366.566128	 365.485466	 366.272717	 1.213387
366.115874	 365.035168	 365.823737	 1.217391
366.421736	 365.337073	 366.130962	 1.221396
367.052077	 365.965492	 366.761572	 1.225400
367.143094	 366.059861	 366.852342	 1.229405
366.566419	 365.487187	 366.274505	 1.233410
366.122759	 365.043147	 365.831337	 1.237414
366.430520	 365.346863	 366.140707	 1.241419
367.057844	 365.972332	 366.768545	 1.245423
367.144994	 366.062543	 366.855024	 1.249428
366.564675	 365.485801	 366.273454	 1.253432
366.120926	 365.041426	 365.830331	 1.257437
366.431839	 365.348092	 366.142898	 1.261442
367.063231	 365.977294	 366.773887	 1.265446
367.151364	 366.068377	 366.860612	 1.269451
366.570867	 365.491411	 366.278528	 1.273455
366.130828	 365.050814	 365.838869	 1.277460
366.441808	 365.357815	 366.151838	 1.281465
367.068573	 365.982747	 366.779654	 1.285469
367.155678	 366.072736	 366.865507	 1.289474
366.574957	 365.495614	 366.283513	 1.293478
366.132884	 365.052870	 365.841797	 1.297483
366.447731	 365.363202	 366.157091	 1.301487
367.075301	 365.988671	 366.784639	 1.305492
367.158427	 366.074837	 366.866938	 1.309497
366.574041	 365.494228	 366.281546	 1.313501
366.131476	 365.051350	 365.839808	 1.317506
366.448535	 365.364118	 366.158097	 1.321510
367.079369	 365.992716	 366.788483	 1.325515
367.163009	 366.078972	 366.870782	 1.329519
366.582445	 365.501626	 366.288899	 1.333524
366.141221	 365.059911	 365.848838	 1.337529
366.455062	 365.369505	 366.164087	 1.341533
367.083638	 365.996360	 366.792261	 1.345538
367.166854	 366.082749	 366.873375	 1.349542
366.583004	 365.502185	 366.288430	 1.353547
366.141288	 365.059844	 365.847966	 1.357551
366.459890	 365.374087	 366.168334	 1.361556
367.087594	 365.999914	 366.796731	 1.365561
367.166026	 366.081542	 366.873867	 1.369565
366.579047	 365.498385	 366.284965	 1.373570
366.141467	 365.060380	 365.848078	 1.377574
366.456761	 365.371271	 366.164870	 1.381579
367.076217	 365.988715	 366.784728	 1.385584
367.150872	 366.066298	 366.858064	 1.389588
366.567939	 365.486896	 366.273119	 1.393593
366.128816	 365.047640	 365.834667	 1.397597
366.444780	 365.359603	 366.152017	 1.401602
367.064661	 365.977674	 366.772390	 1.405606
367.134131	 366.050317	 366.841457	 1.409611
366.544514	 365.464098	 366.250521	 1.413616
366.106531	 365.025802	 365.814126	 1.417620
366.424418	 365.339576	 366.133242	 1.421625
367.046847	 365.960396	 366.755425	 1.425629
367.118507	 366.035341	 366.825989	 1.429634
366.527616	 365.448273	 366.234339	 1.433638
366.091176	 365.011430	 365.798189	 1.437643
366.409576	 365.325494	 366.117461	 1.441648
367.033391	 365.947342	 366.741321	 1.445652
367.100469	 366.017460	 366.807639	 1.449657
366.505801	 365.426435	 366.212412	 1.453661
366.073272	 364.993258	 365.780688	 1.457666
366.396612	 365.312352	 366.105146	 1.461670
367.016315	 365.930511	 366.725071	 1.465675
367.080352	 365.997567	 366.788036	 1.469680
366.491339	 365.411929	 366.197570	 1.473684
366.063437	 364.983289	 365.770317	 1.477689
366.391337	 365.306674	 366.099155	 1.481693
367.012336	 365.925907	 366.720713	 1.485698
367.076329	 365.993298	 366.784393	 1.489703
366.486578	 365.407145	 366.193368	 1.493707
366.061828	 364.981970	 365.768975	 1.497712
366.386867	 365.303031	 366.095624	 1.501716
367.008044	 365.922375	 366.716958	 1.505721
367.073937	 365.991152	 366.781912	 1.509725
366.483449	 365.404016	 366.190552	 1.513730
366.056084	 364.976092	 365.763902	 1.517735
366.383090	 365.298918	 366.092562	 1.521739
367.004602	 365.918397	 366.714275	 1.525744
367.064997	 365.981786	 366.773843	 1.529748
366.473033	 365.393332	 366.180963	 1.533753
366.050719	 364.970325	 365.758917	 1.537757
366.384788	 365.300215	 366.094283	 1.541762
367.009967	 365.923627	 366.719595	 1.545767
367.068595	 365.985206	 366.777039	 1.549771
366.476743	 365.396640	 366.183712	 1.553776
366.057313	 364.976539	 365.764393	 1.557780
366.392902	 365.307904	 366.100988	 1.561785
367.013275	 365.926533	 366.721540	 1.565789
367.073624	 365.989811	 366.780079	 1.569794
366.482108	 365.401848	 366.187378	 1.573799
366.058788	 364.977858	 365.764684	 1.577803
366.390197	 365.305177	 366.097859	 1.581808
367.007173	 365.920520	 366.715348	 1.585812
367.065198	 365.981764	 366.772390	 1.589817
366.471982	 365.392349	 366.178616	 1.593822
366.046070	 364.965989	 365.754603	 1.597826
366.379089	 365.294671	 366.088963	 1.601831
366.998478	 365.912295	 366.708799	 1.605835
367.054737	 365.971750	 366.763963	 1.609840
366.462751	 365.383408	 366.170279	 1.613844
366.049400	 364.969386	 365.756704	 1.617849
366.387292	 365.303254	 366.096227	 1.621854
367.002926	 365.917324	 366.712755	 1.625858
367.053530	 365.971303	 366.762846	 1.629863
366.459913	 365.381307	 366.167820	 1.633867
366.039610	 364.960446	 365.748725	 1.637872
366.378128	 365.294895	 366.089097	 1.641876
367.003730	 365.918889	 366.714722	 1.645881
367.057263	 365.975774	 366.767428	 1.649886
366.455666	 365.378043	 366.166255	 1.653890
366.042293	 364.963955	 365.753262	 1.657895
366.385459	 365.302740	 366.097457	 1.661899
367.006524	 365.921839	 366.718098	 1.665904
367.055430	 365.973919	 366.765327	 1.669908
366.456783	 365.378982	 366.166166	 1.673913
366.040259	 364.961921	 365.750915	 1.677918
366.382486	 365.299969	 366.094640	 1.681922
367.002211	 365.917838	 366.714097	 1.685927
367.049887	 365.968621	 366.760320	 1.689931
366.454392	 365.376568	 366.163283	 1.693936
366.045958	 364.967308	 365.754961	 1.697941
366.389661	 365.306719	 366.099781	 1.701945
367.009676	 365.924879	 366.719595	 1.705950
367.057710	 365.976154	 366.766355	 1.709954
366.460985	 365.382626	 366.168155	 1.713959
366.048484	 364.969342	 365.756391	 1.717963
366.390376	 365.307278	 366.100251	 1.721968
367.012738	 365.927829	 366.722657	 1.725973
367.060727	 365.978635	 366.768568	 1.729977
366.463265	 365.384414	 366.169318	 1.733982
366.054385	 364.974661	 365.760862	 1.737986
366.401664	 365.317537	 366.110063	 1.741991
367.018214	 365.932233	 366.726949	 1.745995
367.060817	 365.978054	 366.768277	 1.750000
366.464629	 365.385129	 366.171173	 1.754005
366.058654	 364.978327	 365.765936	 1.758009
366.405754	 365.321605	 366.115606	 1.762014
367.023512	 365.937776	 366.733788	 1.766018
367.066181	 365.983686	 366.774938	 1.770023
366.471044	 365.392036	 366.178325	 1.774027
366.065404	 364.985815	 365.773781	 1.778032
366.419702	 365.336067	 366.129420	 1.782037
367.039806	 365.954495	 366.749435	 1.786041
367.084599	 366.002618	 366.792797	 1.790046
366.487517	 365.409112	 366.194731	 1.794050
366.082079	 365.003003	 365.790478	 1.798055
366.437136	 365.353881	 366.146899	 1.802059
367.052770	 365.967839	 366.762712	 1.806064
367.094479	 366.012386	 366.802453	 1.810069
366.495049	 365.416064	 366.201303	 1.814073
366.092584	 365.012838	 365.799910	 1.818078
366.444087	 365.360006	 366.152464	 1.822082
367.058425	 365.972421	 366.766578	 1.826087
367.095440	 366.012699	 366.802386	 1.830092
366.493217	 365.413739	 366.198911	 1.834096
366.087175	 365.006982	 365.794546	 1.838101
366.446122	 365.361682	 366.154319	 1.842105
367.058336	 365.971996	 366.766221	 1.846110
367.089695	 366.006619	 366.796418	 1.850114
366.486690	 365.407324	 366.192407	 1.854119
366.086504	 365.006669	 365.793138	 1.858124
366.446881	 365.362956	 366.155281	 1.862128
367.060817	 365.975327	 366.769462	 1.866133
367.090500	 366.008228	 366.797826	 1.870137
366.485572	 365.407034	 366.191893	 1.874142
366.086482	 365.007384	 365.793428	 1.878146
366.444959	 365.361861	 366.153738	 1.882151
367.059185	 365.974500	 366.767875	 1.886156
367.090545	 366.009301	 366.798363	 1.890160
366.484455	 365.406877	 366.191647	 1.894165
366.083286	 365.005105	 365.791305	 1.898169
366.439394	 365.357234	 366.149447	 1.902174
367.047607	 365.963883	 366.758062	 1.906178
367.072015	 365.991711	 366.781822	 1.910183
366.466327	 365.389331	 366.174861	 1.914188
366.069830	 364.991738	 365.778296	 1.918192
366.431414	 365.348964	 366.140908	 1.922197
367.040499	 365.956372	 366.750485	 1.926201
367.065690	 365.984424	 366.774491	 1.930206
366.457275	 365.379340	 366.165853	 1.934211
366.060532	 364.981747	 365.769646	 1.938215
366.422764	 365.339554	 366.132929	 1.942220
367.032676	 365.947789	 366.743109	 1.946224
367.054089	 365.972309	 366.763673	 1.950229
366.451017	 365.372433	 366.158902	 1.954233
366.062923	 364.983245	 365.770652	 1.958238
366.428866	 365.344851	 366.137757	 1.962243
367.040499	 365.954808	 366.749390	 1.966247
367.064572	 365.982144	 366.772032	 1.970252
366.463444	 365.384168	 366.169005	 1.974256
366.070947	 364.990911	 365.777290	 1.978261
366.437181	 365.352987	 366.145044	 1.982265
367.050513	 365.964576	 366.758420	 1.986270
367.071836	 365.989118	 366.778514	 1.990275
366.462215	 365.382916	 366.167999	 1.994279
366.073496	 364.993392	 365.779570	 1.998284
366.439416	 365.355267	 366.146988	 2.002288
367.050691	 365.965134	 366.758599	 2.006293
367.069668	 365.987620	 366.776816	 2.010297
366.463779	 365.385107	 366.169765	 2.014302
366.074099	 364.994376	 365.780688	 2.018307
366.443596	 365.359491	 366.150922	 2.022311
367.055721	 365.970298	 366.763181	 2.026316
367.074518	 365.992359	 366.780928	 2.030320
366.468227	 365.389532	 366.173475	 2.034325
366.076915	 364.997460	 365.783459	 2.038330
366.444602	 365.361101	 366.153336	 2.042334
367.054961	 365.969918	 366.763784	 2.046339
367.070138	 365.988425	 366.777687	 2.050343
366.465791	 365.387319	 366.171709	 2.054348
366.079598	 364.999919	 365.785896	 2.058352
366.448267	 365.364386	 366.156555	 2.062357
367.056078	 365.970767	 366.765126	 2.066362
367.068260	 365.986212	 366.775944	 2.070366
366.459242	 365.380390	 366.165138	 2.074371
366.078100	 364.998176	 365.784286	 2.078375
366.450637	 365.366465	 366.157784	 2.082380
367.052077	 365.966565	 366.760074	 2.086384
367.061487	 365.979484	 366.768836	 2.090389
366.453140	 365.374534	 366.158678	 2.094394
366.063393	 364.983982	 365.770182	 2.098398
366.437114	 365.353635	 366.145245	 2.102403
367.046534	 365.961625	 366.754889	 2.106407
367.058939	 365.977450	 366.766020	 2.110412
366.444624	 365.366689	 366.151011	 2.114416
366.059973	 364.981255	 365.767567	 2.118421
366.437784	 365.355133	 366.147122	 2.122426
367.048590	 365.964531	 366.758040	 2.126430
367.057308	 365.976936	 366.766511	 2.130435
366.443573	 365.367046	 366.152621	 2.134439
366.064309	 364.987201	 365.774452	 2.138444
366.443104	 365.361838	 366.155012	 2.142449
367.055542	 365.973159	 366.766847	 2.146453
367.068998	 365.990749	 366.778693	 2.150458
366.461187	 365.387074	 366.170279	 2.154462
366.089254	 365.015029	 365.799083	 2.158467
366.484365	 365.406475	 366.194217	 2.162471
367.107666	 366.028077	 366.815126	 2.166476
367.129079	 366.051256	 366.833857	 2.170481
366.534321	 365.457258	 366.236999	 2.174485
366.174861	 365.095271	 365.878767	 2.178490
366.569324	 365.483924	 366.274326	 2.182494
367.190636	 366.102508	 366.895325	 2.186499
367.213725	 366.128459	 366.917073	 2.190503
366.616598	 365.533209	 366.318135	 2.194508
366.257003	 365.170843	 365.958675	 2.198513
366.655311	 365.563317	 366.357854	 2.202517
367.281786	 366.187378	 366.983770	 2.206522
367.302752	 366.211965	 367.004356	 2.210526
366.697065	 365.610546	 366.398803	 2.214531
366.329647	 365.243821	 366.032055	 2.218535
366.730525	 365.641436	 366.433694	 2.222540
367.361604	 366.271018	 367.064214	 2.226545
367.384761	 366.298578	 367.086588	 2.230549
366.789690	 365.707419	 366.490311	 2.234554
366.439796	 365.353881	 366.138159	 2.238558
366.861730	 365.768506	 366.558372	 2.242563
367.507248	 366.409196	 367.200247	 2.246568
367.531478	 366.433403	 367.219961	 2.250572
366.926349	 365.831538	 366.613804	 2.254577
366.565010	 365.473351	 366.257495	 2.258581
366.978428	 365.886031	 366.676389	 2.262586
367.607205	 366.511031	 367.303467	 2.266590
367.613397	 366.515390	 367.302931	 2.270595
367.012202	 365.916385	 366.697802	 2.274600
366.670980	 365.576169	 366.357877	 2.278604
367.086164	 365.988671	 366.775229	 2.282609
367.694064	 366.596593	 367.385387	 2.286613
367.686912	 366.595275	 367.380961	 2.290618
367.100469	 366.014152	 366.795904	 2.294622
366.774223	 365.686117	 366.470999	 2.298627
367.177471	 366.085588	 366.876035	 2.302632
367.756448	 366.662576	 367.454677	 2.306636
367.734230	 366.642169	 367.432213	 2.310641
367.154493	 366.064935	 366.852476	 2.314645
366.842261	 365.752346	 366.541720	 2.318650
367.245487	 366.152084	 366.947292	 2.322654
367.816842	 366.721719	 367.519139	 2.326659
367.802403	 366.710409	 367.504030	 2.330664
367.248080	 366.158700	 366.947784	 2.334668
366.954177	 365.863389	 366.655088	 2.338673
367.361202	 366.266861	 367.064035	 2.342677
367.921761	 366.826436	 367.625020	 2.346682
367.896414	 366.805158	 367.599963	 2.350686
367.338291	 366.251907	 367.041416	 2.354691
367.048926	 365.962519	 366.752720	 2.358696
367.446966	 366.357162	 367.152370	 2.362700
367.990493	 366.900152	 367.695696	 2.366705
367.955200	 366.867854	 367.658592	 2.370709
367.397903	 366.313687	 367.099463	 2.374714
367.104380	 366.020231	 366.805962	 2.378719
367.490797	 366.404368	 367.192625	 2.382723
368.018053	 366.931557	 367.718696	 2.386728
367.962039	 366.878918	 367.662056	 2.390732
367.396495	 366.316280	 367.096200	 2.394737
367.108337	 366.027004	 366.808890	 2.398741
367.489769	 366.404659	 367.191463	 2.402746
368.002898	 366.916603	 367.704636	 2.406751
367.944962	 366.861462	 367.646120	 2.410755
367.378569	 366.296924	 367.079190	 2.414760
367.083727	 366.000204	 366.786293	 2.418764
367.460555	 366.373121	 367.165825	 2.422769
367.965593	 366.878114	 367.673053	 2.426773
367.904014	 366.819954	 367.610983	 2.430778
367.344460	 366.263642	 367.050803	 2.434783
367.058805	 365.977562	 366.767316	 2.438787
367.436684	 366.352512	 367.147743	 2.442792
367.940202	 366.854600	 367.651126	 2.446796
367.877460	 366.794451	 367.587357	 2.450801
367.321528	 366.241357	 367.031894	 2.454805
367.045729	 365.965157	 366.757682	 2.458810
367.428972	 366.345963	 367.142915	 2.462815
367.931954	 366.849280	 367.646187	 2.466819
367.865815	 366.786986	 367.579176	 2.470824
367.306261	 366.231344	 367.019913	 2.474828
367.033235	 365.957401	 366.748094	 2.478833
367.418959	 366.340040	 367.135606	 2.482838
367.910831	 366.832807	 367.629289	 2.486842
367.832980	 366.759426	 367.551505	 2.490847
367.274410	 366.205058	 366.993136	 2.494851
367.001339	 365.933797	 366.723440	 2.498856
367.380000	 366.311318	 367.106169	 2.502860
367.868989	 366.797111	 367.593258	 2.506865
367.793015	 366.722143	 367.514870	 2.510870
367.236122	 366.165741	 366.955160	 2.514874
366.963274	 365.890792	 366.683028	 2.518879
367.344818	 366.267710	 367.064684	 2.522883
367.829315	 366.750910	 367.548331	 2.526888
367.747708	 366.670958	 367.463796	 2.530892
367.188982	 366.113036	 366.901941	 2.534897
366.920917	 365.842803	 366.633630	 2.538902
367.302417	 366.219765	 367.016516	 2.542906
367.784477	 366.700753	 367.498598	 2.546911
367.694444	 366.613938	 367.406643	 2.550915
367.127783	 366.050362	 366.839020	 2.554920
366.857528	 365.779034	 366.570062	 2.558924
367.235786	 366.154096	 366.950757	 2.562929
367.715030	 366.633496	 367.430783	 2.566934
367.632619	 366.554058	 367.346539	 2.570938
367.077312	 366.000808	 366.789489	 2.574943
366.821296	 365.744053	 366.533964	 2.578947
367.205388	 366.125329	 366.920470	 2.582952
367.686286	 366.605780	 367.401994	 2.586957
367.602936	 366.526454	 367.317840	 2.590961
367.046981	 365.973650	 366.760253	 2.594966
366.782716	 365.708492	 366.496972	 2.598970
367.165781	 366.089388	 366.882830	 2.602975
367.641985	 366.564340	 367.359190	 2.606979
367.558031	 366.483538	 367.273829	 2.610984
367.005563	 365.932925	 366.719975	 2.614989
366.747334	 365.672751	 366.462550	 2.618993
367.131918	 366.052597	 366.848162	 2.622998
367.608837	 366.527705	 367.324322	 2.627002
367.519743	 366.440981	 367.233462	 2.631007
366.964235	 365.887663	 366.676724	 2.635011
366.703614	 365.624918	 366.416729	 2.639016
367.084979	 366.001098	 366.798474	 2.643021
367.562815	 366.477302	 367.275103	 2.647025
367.475285	 366.392589	 367.185115	 2.651030
366.919129	 365.838556	 366.627037	 2.655034
366.658240	 365.575253	 366.366773	 2.659039
367.040924	 365.954093	 366.751290	 2.663043
367.512970	 366.424820	 367.223225	 2.667048
367.423675	 366.338163	 367.131471	 2.671053
366.867541	 365.783750	 366.573146	 2.675057
366.607702	 365.521452	 366.313732	 2.679062
366.986296	 365.895598	 366.693466	 2.683066
367.454029	 366.362481	 367.160751	 2.687071
367.358274	 366.270057	 367.062784	 2.691076
366.796485	 365.710570	 366.498872	 2.695080
366.535797	 365.447803	 366.238250	 2.699085
366.913608	 365.823000	 366.617895	 2.703089
367.380849	 366.290889	 367.085314	 2.707094
367.282837	 366.197324	 366.986229	 2.711098
366.720914	 365.639112	 366.423591	 2.715103
366.462148	 365.379362	 366.165831	 2.719108
366.845950	 365.758582	 366.550996	 2.723112
367.318220	 366.230092	 367.023288	 2.727117
367.226689	 366.141691	 366.930193	 2.731121
366.672232	 365.589536	 366.374574	 2.735126
366.416170	 365.331440	 366.119406	 2.739130
366.803414	 365.714728	 366.508617	 2.743135
367.278880	 366.189792	 366.984799	 2.747140
367.189742	 366.104587	 366.894207	 2.751144
366.635329	 365.553482	 366.339437	 2.755149
366.384364	 365.301556	 366.090103	 2.759153
366.780749	 365.694522	 366.488366	 2.763158
367.267034	 366.180784	 366.974941	 2.767162
367.181717	 366.099312	 366.888328	 2.771167
366.631797	 365.552365	 366.337380	 2.775172
366.387381	 365.306741	 366.094082	 2.779176
366.785712	 365.701630	 366.494491	 2.783181
367.271504	 366.186998	 366.980731	 2.787185
367.189630	 366.108454	 366.896934	 2.791190
366.645186	 365.566916	 366.351551	 2.795195
366.403877	 365.324891	 366.111605	 2.799199
366.806879	 365.724764	 366.516172	 2.803204
367.290459	 366.208187	 367.000489	 2.807208
367.207422	 366.129129	 366.916827	 2.811213
366.662643	 365.586250	 366.370528	 2.815217
366.423211	 365.344739	 366.131990	 2.819222
366.827867	 365.744478	 366.537428	 2.823227
367.319695	 366.234763	 367.028362	 2.827231
367.233238	 366.150386	 366.939223	 2.831236
366.679541	 365.600868	 366.385638	 2.835240
366.436063	 365.354842	 366.142339	 2.839245
366.841189	 365.754648	 366.548694	 2.843249
367.324634	 366.238027	 367.031849	 2.847254
367.232545	 366.150117	 366.937726	 2.851259
366.678021	 365.598253	 366.381659	 2.855263
366.432375	 365.350372	 366.136818	 2.859268
366.833902	 365.747965	 366.539909	 2.863272
367.315202	 366.228773	 367.020964	 2.867277
367.220051	 366.136863	 366.923890	 2.871281
366.662710	 365.581601	 366.364672	 2.875286
366.421400	 365.337698	 366.123385	 2.879291
366.829990	 365.741684	 366.531483	 2.883295
367.311536	 366.222470	 367.011509	 2.887300
367.213949	 366.128101	 366.912088	 2.891304
366.654462	 365.569978	 366.350434	 2.895309
366.412169	 365.326903	 366.108185	 2.899314
366.817138	 365.729078	 366.514764	 2.903318
367.300629	 366.212814	 366.999037	 2.907323
367.203667	 366.119004	 366.901427	 2.911327
366.634301	 365.551828	 366.332396	 2.915332
366.388275	 365.304506	 366.089254	 2.919336
366.801268	 365.713677	 366.504325	 2.923341
367.291464	 366.203739	 366.995147	 2.927346
367.191418	 366.107314	 366.894743	 2.931350
366.624220	 365.543200	 366.327434	 2.935355
366.381056	 365.299030	 366.085320	 2.939359
366.797446	 365.712068	 366.503744	 2.943364
367.293007	 366.207092	 366.999752	 2.947368
367.197788	 366.114980	 366.903438	 2.951373
366.636558	 365.556142	 366.340867	 2.955378
366.395741	 365.314006	 366.101078	 2.959382
366.820603	 365.735045	 366.526543	 2.963387
367.321416	 366.235590	 367.026842	 2.967391
367.227673	 366.145647	 366.932250	 2.971396
366.660072	 365.580751	 366.364359	 2.975400
366.415053	 365.334636	 366.120211	 2.979405
366.832091	 365.748412	 366.539172	 2.983410
367.331586	 366.248197	 367.039449	 2.987414
367.236122	 366.156689	 366.943448	 2.991419
366.660765	 365.584618	 366.368181	 2.995423
366.415701	 365.339531	 366.124525	 2.999428
366.838618	 365.760705	 366.550281	 3.003432
367.345936	 366.267531	 367.057464	 3.007437
367.252058	 366.177655	 366.962939	 3.011442
366.673327	 365.601918	 366.384140	 3.015446
366.424999	 365.350014	 366.134806	 3.019451
366.847268	 365.767076	 366.557366	 3.023455
367.354027	 366.272985	 367.064393	 3.027460
367.259166	 366.180248	 366.967275	 3.031465
366.677976	 365.600890	 366.384744	 3.035469
366.420730	 365.341319	 366.127922	 3.039474
366.843737	 365.760281	 366.552315	 3.043478
367.357715	 366.272717	 367.065511	 3.047483
367.261133	 366.178884	 366.967789	 3.051487
366.674512	 365.594140	 366.379692	 3.055492
366.417847	 365.335843	 366.124033	 3.059497
366.845771	 365.759744	 366.552985	 3.063501
367.360420	 366.274058	 367.067724	 3.067506
367.257356	 366.174816	 366.963989	 3.071510
366.661503	 365.581891	 366.367197	 3.075515
366.400010	 365.319236	 366.106308	 3.079519
366.832673	 365.748054	 366.539440	 3.083524
367.347880	 366.263329	 367.055028	 3.087529
367.242067	 366.160913	 366.947896	 3.091533
366.640358	 365.561171	 366.344399	 3.095538
366.371690	 365.291185	 366.076312	 3.099542
366.803235	 365.719153	 366.509377	 3.103547
367.322042	 366.236395	 367.027602	 3.107551
367.216340	 366.133845	 366.920649	 3.111556
366.608172	 365.528292	 366.311922	 3.115561
366.342320	 365.260697	 366.046919	 3.119565
366.785354	 365.699238	 366.491898	 3.123570
367.314688	 366.227007	 367.021724	 3.127574
367.202259	 366.116925	 366.906903	 3.131579
366.571448	 365.489579	 366.275086	 3.135584
366.287782	 365.204594	 365.993029	 3.139588
366.734615	 365.646130	 366.440690	 3.143593
367.266274	 366.176671	 366.972304	 3.147597
367.145776	 366.059392	 366.849369	 3.151602
366.503208	 365.419595	 366.205259	 3.155606
366.213060	 365.128106	 365.915916	 3.159611
366.655356	 365.566826	 366.360336	 3.163616
367.195955	 366.106956	 366.901181	 3.167620
367.072417	 365.984737	 366.776100	 3.171625
366.416237	 365.331261	 366.118490	 3.175629
366.115472	 365.028462	 365.818708	 3.179634
366.563625	 365.472792	 366.269252	 3.183638
367.114640	 366.025216	 366.821385	 3.187643
366.987704	 365.904494	 366.693824	 3.191648
366.320907	 365.241050	 366.025126	 3.195652
366.016566	 364.934361	 365.721254	 3.199657
366.477123	 365.390627	 366.183645	 3.203661
367.043539	 365.956439	 366.749859	 3.207666
366.922616	 365.839406	 366.626545	 3.211670
366.231992	 365.152827	 365.935362	 3.215675
365.910015	 364.828749	 365.614413	 3.219680
366.372473	 365.285910	 366.078391	 3.223684
366.953260	 365.865155	 366.657770	 3.227689
366.821854	 365.736722	 366.522877	 3.231693
366.106554	 365.024998	 365.806102	 3.235698
365.761711	 364.682032	 365.465886	 3.239703
366.229935	 365.146703	 365.937530	 3.243707
366.827643	 365.747339	 366.538926	 3.247712
366.695433	 365.622102	 366.407654	 3.251716
365.957289	 364.886417	 365.667431	 3.255721
365.592151	 364.518306	 365.302919	 3.259725
366.064600	 364.985502	 365.777670	 3.263730
366.677999	 365.595749	 366.388365	 3.267735
366.555533	 365.475989	 366.261943	 3.271739
365.818954	 364.743075	 365.524201	 3.275744
365.462958	 364.382072	 365.167021	 3.279748
365.940234	 364.853493	 365.645571	 3.283753
366.548202	 365.461348	 366.254388	 3.287757
366.430118	 365.347846	 366.133734	 3.291762
365.706636	 364.625862	 365.407056	 3.295767
365.360922	 364.275432	 365.060470	 3.299771
365.837193	 364.746249	 365.538194	 3.303776
366.440757	 365.348763	 366.141400	 3.307780
366.318717	 365.230835	 366.017259	 3.311785
365.601494	 364.517032	 365.298784	 3.315789
365.257120	 364.170468	 364.955461	 3.319794
365.735872	 364.644370	 365.435912	 3.323799
366.339504	 365.247174	 366.039633	 3.327803
366.215720	 365.127614	 365.914642	 3.331808
365.505538	 364.420875	 365.203365	 3.335812
365.172541	 364.085643	 364.871642	 3.339817
365.653707	 364.562026	 365.355312	 3.343822
366.260311	 365.168026	 365.962184	 3.347826
366.143054	 365.055552	 365.844189	 3.351831
365.434705	 364.350914	 365.135773	 3.355835
365.107967	 364.022455	 364.810957	 3.359840
365.598297	 364.508382	 365.303679	 3.363844
366.208679	 365.118473	 365.914262	 3.367849
366.096563	 365.011542	 365.800380	 3.371854
365.393466	 364.312938	 365.097507	 3.375858
365.072026	 363.989151	 364.777720	 3.379863
365.567676	 364.479839	 365.275605	 3.383867
366.178705	 365.090689	 365.887194	 3.387872
366.068422	 364.984183	 365.773915	 3.391876
365.370578	 364.289558	 365.073993	 3.395881
365.054971	 363.972052	 364.759235	 3.399886
365.556701	 364.468886	 365.262820	 3.403890
366.179666	 365.091494	 365.885987	 3.407895
366.079106	 364.995806	 365.783996	 3.411899
365.382290	 364.302612	 365.086733	 3.415904
365.075557	 363.993554	 364.781475	 3.419908
365.590810	 364.503755	 365.298762	 3.423913
366.228080	 365.140288	 365.935451	 3.427918
366.138651	 365.055396	 365.843809	 3.431922
365.454755	 364.375009	 365.158706	 3.435927
365.157968	 364.075764	 364.862702	 3.439931
365.684709	 364.597208	 365.390940	 3.443936
366.327143	 365.238569	 366.032950	 3.447941
366.234428	 365.150056	 365.937888	 3.451945
365.548207	 364.466830	 365.250057	 3.455950
365.250594	 364.166691	 364.953181	 3.459954
365.777290	 364.688380	 365.481510	 3.463959
366.423144	 365.333340	 366.126223	 3.467963
366.327031	 365.241452	 366.027518	 3.471968
365.636877	 364.554449	 365.335709	 3.475973
365.338481	 364.253684	 365.038386	 3.479977
365.865021	 364.775262	 365.566782	 3.483982
366.504348	 365.414119	 366.206377	 3.487986
366.407811	 365.321650	 366.107671	 3.491991
365.717164	 364.634043	 365.416086	 3.495995
365.423976	 364.338888	 365.124083	 3.500000
