356.018295	 8.296096	 358.649811	 0.000000
356.019904	 8.294263	 358.651599	 0.004005
356.021469	 8.292497	 358.653342	 0.008009
356.021380	 8.292788	 358.652918	 0.012014
356.022162	 8.292430	 358.653074	 0.016018
356.019547	 8.295246	 358.650280	 0.020023
356.017602	 8.296990	 358.648514	 0.024027
356.015166	 8.299270	 358.646592	 0.028032
356.015769	 8.298711	 358.646950	 0.032037
356.018250	 8.296521	 358.648827	 0.036041
356.018519	 8.296252	 358.648917	 0.040046
356.019860	 8.294643	 358.650437	 0.044050
356.018072	 8.296073	 358.649006	 0.048055
356.018362	 8.295761	 358.649252	 0.052059
356.018675	 8.295738	 358.648939	 0.056064
356.020307	 8.294218	 358.650168	 0.060069
356.022140	 8.292095	 358.652225	 0.064073
356.020530	 8.293391	 358.651286	 0.068078
356.018832	 8.295246	 358.649542	 0.072082
356.019703	 8.294822	 358.649587	 0.076087
356.016730	 8.297035	 358.644826	 0.080092
356.012037	 8.300343	 358.638344	 0.084096
356.010226	 8.301773	 358.636444	 0.088101
356.010271	 8.301840	 358.636087	 0.092105
356.012104	 8.300499	 358.637450	 0.096110
356.010517	 8.302466	 358.635416	 0.100114
356.007320	 8.305774	 358.631840	 0.104119
356.008483	 8.304813	 358.632667	 0.108124
356.009913	 8.303740	 358.633561	 0.112128
356.011478	 8.302712	 358.634455	 0.116133
356.012148	 8.302555	 358.634679	 0.120137
356.008617	 8.306154	 358.631035	 0.124142
356.008192	 8.306668	 358.630499	 0.128146
356.013199	 8.302399	 358.634723	 0.132151
356.016462	 8.299806	 358.636802	 0.136156
356.015635	 8.301393	 358.635237	 0.140160
356.016351	 8.301013	 358.635707	 0.144165
356.015188	 8.302354	 358.634164	 0.148169
356.015434	 8.302801	 358.633405	 0.152174
356.018139	 8.300924	 358.635193	 0.156178
356.020888	 8.298622	 358.637093	 0.160183
356.022028	 8.297862	 358.638054	 0.164188
356.021938	 8.298398	 358.637718	 0.168192
356.024777	 8.296096	 358.639752	 0.172197
356.030097	 8.291380	 358.644267	 0.176201
356.030365	 8.291536	 358.644022	 0.180206
356.028912	 8.293436	 358.642479	 0.184211
356.027660	 8.295023	 358.641317	 0.188215
356.027079	 8.295984	 358.640311	 0.192220
356.027504	 8.296163	 358.639976	 0.196224
356.030209	 8.294084	 358.642278	 0.200229
356.032220	 8.292229	 358.644223	 0.204233
356.032265	 8.292296	 358.644111	 0.208238
356.034500	 8.290620	 358.646234	 0.212243
356.036177	 8.289323	 358.647374	 0.216247
356.035573	 8.290284	 358.646123	 0.220252
356.035282	 8.290709	 358.645653	 0.224256
356.036400	 8.289748	 358.646793	 0.228261
356.038523	 8.287937	 358.648537	 0.232265
356.040736	 8.286038	 358.650280	 0.236270
356.042211	 8.284875	 358.651532	 0.240275
356.040937	 8.286373	 358.650258	 0.244279
356.038054	 8.289457	 358.647352	 0.248284
356.039462	 8.288183	 358.648425	 0.252288
356.041541	 8.286060	 358.649721	 0.256293
356.042055	 8.285658	 358.649990	 0.260297
356.042994	 8.284763	 358.650861	 0.264302
356.044156	 8.283445	 358.651934	 0.268307
356.043620	 8.284205	 358.651219	 0.272311
356.045654	 8.282506	 358.652783	 0.276316
356.045073	 8.283221	 358.652247	 0.280320
356.046056	 8.282238	 358.653231	 0.284325
356.045564	 8.282864	 358.652716	 0.288330
356.046391	 8.282193	 358.653566	 0.292334
356.045184	 8.283512	 358.652068	 0.296339
356.043709	 8.285211	 358.650571	 0.300343
356.044536	 8.284518	 358.651375	 0.304348
356.043038	 8.285970	 358.649990	 0.308352
356.045385	 8.283579	 358.652113	 0.312357
356.046302	 8.282797	 358.652716	 0.316362
356.047084	 8.282327	 358.653588	 0.320366
356.045832	 8.283646	 358.652381	 0.324371
356.046011	 8.283467	 358.652783	 0.328375
356.045855	 8.283869	 358.652672	 0.332380
356.048515	 8.281366	 358.654996	 0.336384
356.050325	 8.279444	 358.656472	 0.340389
356.051443	 8.278281	 358.657611	 0.344394
356.049923	 8.279980	 358.656360	 0.348398
356.046324	 8.283624	 358.652716	 0.352403
356.046257	 8.283892	 358.652292	 0.356407
356.047129	 8.282640	 358.652560	 0.360412
356.046525	 8.283020	 358.651934	 0.364416
356.046682	 8.283154	 358.652448	 0.368421
356.047107	 8.283020	 358.652895	 0.372426
356.050303	 8.279891	 358.655734	 0.376430
356.050795	 8.279444	 358.655980	 0.380435
356.050817	 8.279265	 358.656069	 0.384439
356.048917	 8.281277	 358.654348	 0.388444
356.050079	 8.280159	 358.655399	 0.392449
356.049766	 8.280450	 358.654885	 0.396453
356.049520	 8.280807	 358.654527	 0.400458
356.047486	 8.282685	 358.652605	 0.404462
356.048693	 8.281321	 358.653856	 0.408467
356.052605	 8.277633	 358.657902	 0.412471
356.052672	 8.277969	 358.657880	 0.416476
356.050035	 8.280763	 358.655130	 0.420481
356.048738	 8.281925	 358.653879	 0.424485
356.048537	 8.281791	 358.653610	 0.428490
356.049208	 8.281254	 358.654259	 0.432494
356.049588	 8.281053	 358.654505	 0.436499
356.051197	 8.279421	 358.655957	 0.440503
356.049968	 8.280494	 358.655019	 0.444508
356.050392	 8.279734	 358.655309	 0.448513
356.052583	 8.277566	 358.657366	 0.452517
356.052806	 8.277365	 358.657366	 0.456522
356.052493	 8.277723	 358.656919	 0.460526
356.052002	 8.278326	 358.656851	 0.464531
356.052538	 8.277589	 358.657433	 0.468535
356.055555	 8.274459	 358.660160	 0.472540
356.054505	 8.275644	 358.658841	 0.476545
356.055779	 8.274482	 358.660070	 0.480549
356.054550	 8.275711	 358.659109	 0.484554
356.050079	 8.280338	 358.654952	 0.488558
356.047978	 8.282551	 358.652940	 0.492563
356.048515	 8.282148	 358.653342	 0.496568
356.051778	 8.278729	 358.656427	 0.500572
356.048805	 8.281411	 358.653432	 0.504577
356.046525	 8.283892	 358.651554	 0.508581
356.046615	 8.283914	 358.651599	 0.512586
356.047509	 8.282752	 358.652202	 0.516590
356.052113	 8.278036	 358.656494	 0.520595
356.050213	 8.279891	 358.654795	 0.524600
356.048112	 8.281992	 358.652873	 0.528604
356.047308	 8.282908	 358.652135	 0.532609
356.049610	 8.280919	 358.654415	 0.536613
356.050571	 8.280003	 358.655354	 0.540618
356.049096	 8.281366	 358.653901	 0.544622
356.048135	 8.282282	 358.652873	 0.548627
356.048626	 8.281545	 358.653186	 0.552632
356.050325	 8.280003	 358.654795	 0.556636
356.049319	 8.281031	 358.653722	 0.560641
356.046190	 8.284115	 358.650772	 0.564645
356.046056	 8.284138	 358.650593	 0.568650
356.047844	 8.282305	 358.652403	 0.572654
356.048358	 8.282037	 358.652940	 0.576659
356.050079	 8.280450	 358.654750	 0.580664
356.049565	 8.280919	 358.654393	 0.584668
356.047308	 8.283154	 358.652202	 0.588673
356.047129	 8.283355	 358.652001	 0.592677
356.048693	 8.281858	 358.653454	 0.596682
356.048470	 8.282193	 358.653320	 0.600686
356.045967	 8.284540	 358.650772	 0.604691
356.045408	 8.284987	 358.650235	 0.608696
356.046682	 8.283668	 358.651532	 0.612700
356.049386	 8.281075	 358.654058	 0.616705
356.051890	 8.278572	 358.656427	 0.620709
356.051197	 8.279220	 358.655913	 0.624714
356.050996	 8.279511	 358.656024	 0.628719
356.052784	 8.277857	 358.657701	 0.632723
356.055444	 8.274862	 358.659802	 0.636728
356.053656	 8.276538	 358.657679	 0.640732
356.052583	 8.277499	 358.656919	 0.644737
356.050772	 8.279645	 358.655622	 0.648741
356.051331	 8.279243	 358.656181	 0.652746
356.053901	 8.276672	 358.658416	 0.656751
356.055891	 8.274616	 358.660249	 0.660755
356.055578	 8.274795	 358.659869	 0.664760
356.053566	 8.276985	 358.658058	 0.668764
356.054393	 8.276113	 358.658863	 0.672769
356.054483	 8.275800	 358.658304	 0.676773
356.053745	 8.276493	 358.657522	 0.680778
356.052314	 8.277969	 358.656360	 0.684783
356.050705	 8.279645	 358.654840	 0.688787
356.050213	 8.280271	 358.654281	 0.692792
356.052806	 8.277879	 358.656807	 0.696796
356.053812	 8.276851	 358.657746	 0.700801
356.053231	 8.277723	 358.657500	 0.704805
356.050303	 8.280606	 358.654460	 0.708810
356.052314	 8.278706	 358.656293	 0.712815
356.056517	 8.274705	 358.660182	 0.716819
356.055287	 8.276024	 358.658953	 0.720824
356.054907	 8.276426	 358.658707	 0.724828
356.052717	 8.278773	 358.656583	 0.728833
356.054863	 8.276829	 358.658595	 0.732838
356.056271	 8.275376	 358.659713	 0.736842
356.055399	 8.276113	 358.658595	 0.740847
356.056025	 8.275443	 358.659400	 0.744851
356.056673	 8.274817	 358.660227	 0.748856
356.057344	 8.273923	 358.660517	 0.752860
356.058014	 8.273342	 358.660808	 0.756865
356.057992	 8.273521	 358.660785	 0.760870
356.057902	 8.273901	 358.661121	 0.764874
356.057344	 8.274638	 358.660763	 0.768879
356.055600	 8.276337	 358.658885	 0.772883
356.055868	 8.275711	 358.658774	 0.776888
356.056517	 8.275040	 358.659221	 0.780892
356.057075	 8.274683	 358.660092	 0.784897
356.056584	 8.275063	 358.659780	 0.788902
356.056807	 8.274929	 358.660048	 0.792906
356.059087	 8.272828	 358.662127	 0.796911
356.059244	 8.272604	 358.662216	 0.800915
356.058796	 8.273029	 358.661948	 0.804920
356.057679	 8.274146	 358.660987	 0.808924
356.057634	 8.274191	 358.660897	 0.812929
356.059378	 8.272515	 358.662238	 0.816934
356.059892	 8.271799	 358.662685	 0.820938
356.059065	 8.272515	 358.662015	 0.824943
356.057299	 8.274370	 358.660517	 0.828947
356.057724	 8.274057	 358.661098	 0.832952
356.060674	 8.271174	 358.663825	 0.836957
356.062976	 8.268827	 358.666150	 0.840961
356.061970	 8.269721	 358.665300	 0.844966
356.060294	 8.271352	 358.663669	 0.848970
356.058618	 8.272559	 358.661791	 0.852975
356.058104	 8.272895	 358.660651	 0.856979
356.062261	 8.268715	 358.664764	 0.860984
356.061032	 8.269631	 358.663758	 0.864989
356.055533	 8.275264	 358.658483	 0.868993
356.053723	 8.277365	 358.656963	 0.872998
356.056762	 8.274146	 358.659757	 0.877002
356.058931	 8.271665	 358.661657	 0.881007
356.058685	 8.271867	 358.661635	 0.885011
356.055243	 8.275420	 358.658371	 0.889016
356.054348	 8.276225	 358.657477	 0.893021
356.054907	 8.275979	 358.658170	 0.897025
356.056181	 8.274683	 358.659400	 0.901030
356.056226	 8.274638	 358.659601	 0.905034
356.054281	 8.276695	 358.657991	 0.909039
356.053678	 8.277253	 358.657343	 0.913043
356.056450	 8.274303	 358.659824	 0.917048
356.058819	 8.271956	 358.662127	 0.921053
356.060987	 8.269609	 358.664406	 0.925057
356.059266	 8.271352	 358.662954	 0.929062
356.059199	 8.271621	 358.662909	 0.933066
356.059646	 8.271107	 358.663132	 0.937071
356.058573	 8.272247	 358.661992	 0.941076
356.058461	 8.272224	 358.661747	 0.945080
356.059042	 8.271621	 358.662372	 0.949085
356.058551	 8.272403	 358.661836	 0.953089
356.061814	 8.269475	 358.664965	 0.957094
356.061456	 8.269765	 358.664563	 0.961098
356.060585	 8.270503	 358.663646	 0.965103
356.060026	 8.271062	 358.662998	 0.969108
356.060763	 8.270235	 358.663468	 0.973112
356.062552	 8.268603	 358.664920	 0.977117
356.061166	 8.270101	 358.663401	 0.981121
356.060227	 8.270995	 358.662551	 0.985126
356.057992	 8.273252	 358.660562	 0.989130
356.058059	 8.273163	 358.660495	 0.993135
356.060428	 8.270883	 358.662551	 0.997140
356.061367	 8.270011	 358.663356	 1.001144
356.061836	 8.269609	 358.664138	 1.005149
356.061032	 8.270324	 358.663244	 1.009153
356.061456	 8.269944	 358.663669	 1.013158
356.064027	 8.267642	 358.666306	 1.017162
356.064429	 8.267597	 358.666709	 1.021167
356.063669	 8.268223	 358.665926	 1.025172
356.063893	 8.267799	 358.666284	 1.029176
356.063781	 8.267821	 358.666016	 1.033181
356.065122	 8.266547	 358.667089	 1.037185
356.062261	 8.269810	 358.664384	 1.041190
356.061166	 8.271174	 358.663915	 1.045195
356.068363	 8.265027	 358.673012	 1.049199
356.075292	 8.258657	 358.680880	 1.053204
356.075739	 8.258321	 358.681282	 1.057208
356.075560	 8.258478	 358.681081	 1.061213
356.077035	 8.256936	 358.682668	 1.065217
356.076097	 8.257874	 358.681885	 1.069222
356.075963	 8.258143	 358.681684	 1.073227
356.077125	 8.257025	 358.682668	 1.077231
356.077572	 8.256511	 358.682802	 1.081236
356.077035	 8.256936	 358.682467	 1.085240
356.075940	 8.258008	 358.681751	 1.089245
356.076566	 8.257606	 358.682578	 1.093249
356.077259	 8.256936	 358.683338	 1.097254
356.077237	 8.256936	 358.683294	 1.101259
356.077170	 8.256980	 358.683316	 1.105263
356.075761	 8.258321	 358.682109	 1.109268
356.074376	 8.259707	 358.680678	 1.113272
356.075024	 8.259260	 358.681125	 1.117277
356.073996	 8.260333	 358.680075	 1.121281
356.074219	 8.260065	 358.680321	 1.125286
356.075314	 8.258835	 358.681573	 1.129291
356.077728	 8.256466	 358.683405	 1.133295
356.075583	 8.258701	 358.680969	 1.137300
356.073772	 8.260445	 358.679404	 1.141304
356.075359	 8.258746	 358.681416	 1.145309
356.075158	 8.259014	 358.681282	 1.149314
356.075270	 8.258880	 358.681438	 1.153318
356.075471	 8.258813	 358.681550	 1.157323
356.078824	 8.255505	 358.684679	 1.161327
356.079405	 8.254835	 358.685395	 1.165332
356.074130	 8.260042	 358.680477	 1.169336
356.072699	 8.261451	 358.678779	 1.173341
356.076924	 8.257293	 358.682467	 1.177346
356.078868	 8.255371	 358.684366	 1.181350
356.076343	 8.257830	 358.682265	 1.185355
356.074689	 8.259595	 358.680880	 1.189359
356.076141	 8.258232	 358.682221	 1.193364
356.076924	 8.257427	 358.682690	 1.197368
356.075225	 8.259104	 358.681081	 1.201373
356.073839	 8.260512	 358.679851	 1.205378
356.072431	 8.261898	 358.678443	 1.209382
356.072409	 8.261942	 358.678332	 1.213387
356.072967	 8.261339	 358.678980	 1.217391
356.076656	 8.257651	 358.682511	 1.221396
356.075739	 8.258545	 358.681505	 1.225400
356.072722	 8.261674	 358.678376	 1.229405
356.071895	 8.262434	 358.677862	 1.233410
356.072006	 8.262345	 358.677929	 1.237414
356.072744	 8.261652	 358.678555	 1.241419
356.076119	 8.258232	 358.681729	 1.245423
356.075851	 8.258500	 358.681416	 1.249428
356.076588	 8.257696	 358.682154	 1.253432
356.077840	 8.256533	 358.683115	 1.257437
356.077863	 8.256667	 358.682958	 1.261442
356.076186	 8.258232	 358.681595	 1.265446
356.075918	 8.258388	 358.681550	 1.269451
356.076790	 8.257584	 358.682288	 1.273455
356.076231	 8.258210	 358.681617	 1.277460
356.076074	 8.258321	 358.681327	 1.281465
356.075359	 8.259014	 358.680589	 1.285469
356.073996	 8.260266	 358.679449	 1.289474
356.075381	 8.258992	 358.680746	 1.293478
356.074689	 8.259774	 358.680097	 1.297483
356.074465	 8.260065	 358.680254	 1.301487
356.072565	 8.261875	 358.678354	 1.305492
356.072878	 8.261674	 358.678711	 1.309497
356.074957	 8.259662	 358.680902	 1.313501
356.075426	 8.259260	 358.681573	 1.317506
356.075225	 8.259327	 358.681058	 1.321510
356.072342	 8.262121	 358.678287	 1.325515
356.072029	 8.262479	 358.678063	 1.329519
356.074353	 8.260177	 358.680433	 1.333524
356.075314	 8.259260	 358.681125	 1.337529
356.075069	 8.259461	 358.680678	 1.341533
356.072900	 8.261607	 358.678667	 1.345538
356.074107	 8.260378	 358.680142	 1.349542
356.073817	 8.260802	 358.679829	 1.353547
356.074733	 8.259998	 358.680500	 1.357551
356.075203	 8.259394	 358.680924	 1.361556
356.073683	 8.260869	 358.679561	 1.365561
356.072967	 8.261585	 358.678644	 1.369565
356.071045	 8.263552	 358.676409	 1.373570
356.073571	 8.261138	 358.678890	 1.377574
356.074331	 8.260333	 358.679896	 1.381579
356.072185	 8.262479	 358.677996	 1.385584
356.069078	 8.265586	 358.675202	 1.389588
356.070732	 8.263932	 358.676812	 1.393593
356.076030	 8.258612	 358.681908	 1.397597
356.078198	 8.256466	 358.684121	 1.401602
356.075896	 8.258768	 358.681684	 1.405606
356.076074	 8.258612	 358.681707	 1.409611
356.078600	 8.255997	 358.684143	 1.413616
356.080969	 8.253695	 358.686199	 1.417620
356.079114	 8.255572	 358.684568	 1.421625
356.076387	 8.258321	 358.681997	 1.425629
356.076924	 8.257763	 358.682847	 1.429634
356.075337	 8.259461	 358.681573	 1.433638
356.078645	 8.256019	 358.684366	 1.437643
356.079494	 8.255147	 358.684791	 1.441648
356.077572	 8.257137	 358.682847	 1.445652
356.075381	 8.259260	 358.681215	 1.449657
356.076298	 8.258478	 358.682109	 1.453661
356.077147	 8.257696	 358.682914	 1.457666
356.075203	 8.259528	 358.680857	 1.461670
356.073884	 8.260802	 358.679606	 1.465675
356.074733	 8.259886	 358.680902	 1.469680
356.075292	 8.259372	 358.681416	 1.473684
356.078466	 8.256377	 358.684344	 1.477689
356.079517	 8.255282	 358.685372	 1.481693
356.076030	 8.258612	 358.681975	 1.485698
356.073124	 8.261562	 358.679114	 1.489703
356.072789	 8.261942	 358.678890	 1.493707
356.074331	 8.260534	 358.680008	 1.497712
356.075449	 8.259506	 358.680678	 1.501716
356.073996	 8.260914	 358.679494	 1.505721
356.074867	 8.260020	 358.680634	 1.509725
356.076298	 8.258590	 358.682265	 1.513730
356.077080	 8.257897	 358.682735	 1.517735
356.076030	 8.258970	 358.681550	 1.521739
356.072543	 8.262367	 358.678466	 1.525744
356.068743	 8.265005	 358.673079	 1.529748
356.066620	 8.265742	 358.668206	 1.533753
356.067245	 8.265005	 358.668407	 1.537757
356.067581	 8.264803	 358.668698	 1.541762
356.066910	 8.265519	 358.668206	 1.545767
356.065636	 8.267039	 358.667334	 1.549771
356.067201	 8.265407	 358.668787	 1.553776
356.066731	 8.266010	 358.668385	 1.557780
356.067737	 8.265027	 358.669324	 1.561785
356.068855	 8.263596	 358.670263	 1.565789
356.066195	 8.266301	 358.667804	 1.569794
356.066061	 8.266323	 358.667469	 1.573799
356.066910	 8.265541	 358.668161	 1.577803
356.069592	 8.262836	 358.670665	 1.581808
356.068408	 8.263954	 358.669659	 1.585812
356.065524	 8.266904	 358.667156	 1.589817
356.065569	 8.266860	 358.667245	 1.593822
356.065189	 8.267374	 358.666686	 1.597826
356.065591	 8.266882	 358.666798	 1.601831
356.066865	 8.265563	 358.668184	 1.605835
356.067245	 8.265206	 358.668698	 1.609840
356.067178	 8.265519	 358.668810	 1.613844
356.066105	 8.266815	 358.667737	 1.617849
356.064586	 8.268447	 358.666195	 1.621854
356.065301	 8.267597	 358.667156	 1.625858
356.064407	 8.268424	 358.666418	 1.629863
356.064988	 8.267776	 358.666977	 1.633867
356.065614	 8.267419	 358.667379	 1.637872
356.065882	 8.267351	 358.667692	 1.641876
356.065234	 8.267843	 358.667156	 1.645881
356.067268	 8.265586	 358.669167	 1.649886
356.065726	 8.267106	 358.667580	 1.653890
356.066351	 8.266614	 358.667893	 1.657895
356.066955	 8.266010	 358.668318	 1.661899
356.064273	 8.268581	 358.665882	 1.665904
356.062932	 8.269900	 358.664742	 1.669908
356.063289	 8.269609	 358.665144	 1.673913
356.065100	 8.267799	 358.666865	 1.677918
356.067469	 8.265183	 358.668877	 1.681922
356.068408	 8.263954	 358.669771	 1.685927
356.066374	 8.265943	 358.667759	 1.689931
356.066575	 8.265742	 358.667983	 1.693936
356.067916	 8.264870	 358.669257	 1.697941
356.065726	 8.267217	 358.667022	 1.701945
356.065748	 8.267039	 358.667267	 1.705950
356.064720	 8.268111	 358.666485	 1.709954
356.065636	 8.266972	 358.667089	 1.713959
356.065390	 8.267284	 358.666798	 1.717963
356.066843	 8.265854	 358.668363	 1.721968
356.068631	 8.263865	 358.670084	 1.725973
356.067648	 8.265116	 358.669525	 1.729977
356.066933	 8.265899	 358.668765	 1.733982
356.068296	 8.264379	 358.669860	 1.737986
356.067469	 8.265250	 358.669078	 1.741991
356.066553	 8.266167	 358.668385	 1.745995
356.063893	 8.268782	 358.665815	 1.750000
356.062775	 8.269631	 358.664451	 1.754005
356.064563	 8.267776	 358.665770	 1.758009
356.065726	 8.266748	 358.667044	 1.762014
356.065167	 8.267150	 358.666440	 1.766018
356.062775	 8.269497	 358.664138	 1.770023
356.062954	 8.269251	 358.664384	 1.774027
356.065547	 8.266592	 358.666709	 1.778032
356.066642	 8.265362	 358.667670	 1.782037
356.065994	 8.266189	 358.667267	 1.786041
356.066776	 8.265295	 358.668206	 1.790046
356.068363	 8.263730	 358.669704	 1.794050
356.069078	 8.263082	 358.670330	 1.798055
356.068229	 8.263999	 358.669659	 1.802059
356.066374	 8.266055	 358.668072	 1.806064
356.064094	 8.268313	 358.665859	 1.810069
356.063110	 8.269318	 358.664719	 1.814073
356.065748	 8.266413	 358.666910	 1.818078
356.068140	 8.264133	 358.669480	 1.822082
356.067469	 8.264781	 358.669033	 1.826087
356.064943	 8.267262	 358.666642	 1.830092
356.061479	 8.270727	 358.663132	 1.834096
356.062954	 8.269408	 358.664451	 1.838101
356.064541	 8.267866	 358.665971	 1.842105
356.061881	 8.270458	 358.663646	 1.846110
356.059176	 8.273096	 358.661165	 1.850114
356.057925	 8.274370	 358.659668	 1.854119
356.060160	 8.272135	 358.661679	 1.858124
356.062842	 8.269542	 358.664339	 1.862128
356.062552	 8.269788	 358.664272	 1.866133
356.059802	 8.272649	 358.661612	 1.870137
356.061076	 8.271442	 358.662775	 1.874142
356.063870	 8.268603	 358.665323	 1.878146
356.065413	 8.266972	 358.666776	 1.882151
356.064742	 8.267620	 358.666060	 1.886156
356.064742	 8.267106	 358.665859	 1.890160
356.067022	 8.264625	 358.668005	 1.894165
356.068207	 8.263507	 358.669145	 1.898169
356.067804	 8.264043	 358.668765	 1.902174
356.066888	 8.265049	 358.668139	 1.906178
356.066173	 8.265630	 358.667379	 1.910183
356.068341	 8.263507	 358.669547	 1.914188
356.071112	 8.260847	 358.672229	 1.918192
356.068542	 8.263440	 358.669525	 1.922197
356.066307	 8.265563	 358.667491	 1.926201
356.064273	 8.267508	 358.665636	 1.930206
356.063692	 8.268044	 358.665055	 1.934211
356.063714	 8.267955	 358.664675	 1.938215
356.065301	 8.266413	 358.666329	 1.942220
356.064854	 8.267039	 358.666351	 1.946224
356.063714	 8.268402	 358.665636	 1.950229
356.065457	 8.266636	 358.667200	 1.954233
356.066217	 8.265854	 358.667826	 1.958238
356.066284	 8.265966	 358.667871	 1.962243
356.065502	 8.266368	 358.667044	 1.966247
356.064966	 8.266636	 358.666552	 1.970252
356.066307	 8.265407	 358.667714	 1.974256
356.068989	 8.262658	 358.670151	 1.978261
356.068229	 8.263418	 358.669391	 1.982265
356.069883	 8.261875	 358.671358	 1.986270
356.068229	 8.263418	 358.669637	 1.990275
356.067961	 8.263574	 358.669301	 1.994279
356.069659	 8.261853	 358.670799	 1.998284
356.070352	 8.261294	 358.671537	 2.002288
356.067648	 8.264401	 358.669257	 2.006293
356.068207	 8.263798	 358.669994	 2.010297
356.067022	 8.264915	 358.668743	 2.014302
356.066530	 8.265519	 358.667983	 2.018307
356.068855	 8.263172	 358.670285	 2.022311
356.068743	 8.263239	 358.670486	 2.026316
356.067894	 8.264066	 358.669838	 2.030320
356.068721	 8.263373	 358.670553	 2.034325
356.070777	 8.261182	 358.672453	 2.038330
356.070531	 8.261227	 358.671917	 2.042334
356.067983	 8.263686	 358.669547	 2.046339
356.068475	 8.262926	 358.669972	 2.050343
356.068363	 8.263082	 358.669927	 2.054348
356.067424	 8.264021	 358.668787	 2.058352
356.067067	 8.264289	 358.668184	 2.062357
356.066798	 8.264468	 358.668027	 2.066362
356.066240	 8.264848	 358.667536	 2.070366
356.063669	 8.267821	 358.665233	 2.074371
356.064049	 8.267664	 358.665636	 2.078375
356.065636	 8.266167	 358.667133	 2.082380
356.064563	 8.267173	 358.666083	 2.086384
356.063669	 8.268089	 358.665591	 2.090389
356.063513	 8.268290	 358.665457	 2.094394
356.066910	 8.264669	 358.668631	 2.098398
356.070486	 8.261115	 358.672140	 2.102403
356.069592	 8.261831	 358.671224	 2.106407
356.066977	 8.264200	 358.668474	 2.110412
356.066418	 8.264736	 358.667826	 2.114416
356.067178	 8.264356	 358.668765	 2.118421
356.067670	 8.263842	 358.669279	 2.122426
356.064966	 8.266614	 358.666820	 2.126430
356.061993	 8.269721	 358.664093	 2.130435
356.062105	 8.269430	 358.664004	 2.134439
356.063155	 8.268357	 358.664786	 2.138444
356.061814	 8.269989	 358.663512	 2.142449
356.061210	 8.270727	 358.663289	 2.146453
356.063848	 8.267843	 358.666016	 2.150458
356.065502	 8.266010	 358.667580	 2.154462
356.064764	 8.266726	 358.666597	 2.158467
356.065502	 8.265966	 358.667312	 2.162471
356.064787	 8.266659	 358.666798	 2.166476
356.062954	 8.268268	 358.664920	 2.170481
356.063893	 8.267374	 358.665815	 2.174485
356.065614	 8.265787	 358.667379	 2.178490
356.064362	 8.266994	 358.666060	 2.182494
356.061300	 8.269944	 358.663177	 2.186499
356.060629	 8.270458	 358.662685	 2.190503
356.062999	 8.268201	 358.665010	 2.194508
356.065502	 8.265586	 358.667156	 2.198513
356.066933	 8.263976	 358.668385	 2.202517
356.067178	 8.263507	 358.668430	 2.206522
356.068296	 8.262054	 358.669659	 2.210526
356.068452	 8.261965	 358.670106	 2.214531
356.068967	 8.261518	 358.670397	 2.218535
356.069548	 8.261160	 358.670844	 2.222540
356.066865	 8.263909	 358.668385	 2.226545
356.064898	 8.266033	 358.666865	 2.230549
356.066240	 8.264714	 358.668206	 2.234554
356.067827	 8.263239	 358.669391	 2.238558
356.068318	 8.262635	 358.669816	 2.242563
356.065524	 8.265452	 358.667379	 2.246568
356.064116	 8.266636	 358.665949	 2.250572
356.063960	 8.266569	 358.665524	 2.254577
356.067827	 8.262836	 358.669033	 2.258581
356.067670	 8.263149	 358.669123	 2.262586
356.066061	 8.264870	 358.667938	 2.266590
356.066508	 8.264289	 358.668586	 2.270595
356.066173	 8.264490	 358.668117	 2.274600
356.065860	 8.265027	 358.667692	 2.278604
356.063401	 8.267642	 358.665256	 2.282609
356.060585	 8.270436	 358.662641	 2.286613
356.059981	 8.271040	 358.662171	 2.290618
356.062887	 8.267977	 358.664786	 2.294622
356.066173	 8.264848	 358.667804	 2.298627
356.066262	 8.264580	 358.667647	 2.302632
356.066553	 8.264222	 358.668318	 2.306636
356.066396	 8.264446	 358.668564	 2.310641
356.069592	 8.261115	 358.671581	 2.314645
356.069682	 8.260624	 358.671067	 2.318650
356.069972	 8.260221	 358.671134	 2.322654
356.068341	 8.261741	 358.669748	 2.326659
356.067335	 8.263060	 358.669212	 2.330664
356.067625	 8.262903	 358.669525	 2.334668
356.067357	 8.263172	 358.668988	 2.338673
356.067871	 8.262456	 358.669391	 2.342677
356.066843	 8.263328	 358.668385	 2.346682
356.063624	 8.266770	 358.665636	 2.350686
356.064250	 8.266346	 358.666262	 2.354691
356.067245	 8.263306	 358.668944	 2.358696
356.067514	 8.263149	 358.669301	 2.362700
356.064697	 8.265809	 358.666686	 2.366705
356.063043	 8.267575	 358.665122	 2.370709
356.062037	 8.268670	 358.664026	 2.374714
356.060763	 8.270011	 358.662752	 2.378719
356.062328	 8.268402	 358.664183	 2.382723
356.064898	 8.265340	 358.666574	 2.386728
356.064004	 8.266033	 358.665658	 2.390732
356.062932	 8.267217	 358.664585	 2.394737
356.062753	 8.267486	 358.664362	 2.398741
356.063043	 8.267351	 358.664742	 2.402746
356.063356	 8.267329	 358.665524	 2.406751
356.062127	 8.268447	 358.664429	 2.410755
356.062596	 8.267977	 358.664876	 2.414760
356.063937	 8.266770	 358.666351	 2.418764
356.064474	 8.266212	 358.666664	 2.422769
356.061926	 8.268648	 358.664116	 2.426773
356.060629	 8.269944	 358.662909	 2.430778
356.063535	 8.266994	 358.665747	 2.434783
356.064139	 8.266524	 358.666127	 2.438787
356.063334	 8.267217	 358.665122	 2.442792
356.062261	 8.268313	 358.664228	 2.446796
356.062440	 8.268022	 358.664518	 2.450801
356.061725	 8.268804	 358.663870	 2.454805
356.062842	 8.267843	 358.664898	 2.458810
356.066284	 8.264356	 358.668050	 2.462815
356.067044	 8.263351	 358.668810	 2.466819
356.062619	 8.267553	 358.664585	 2.470824
356.059556	 8.270794	 358.661679	 2.474828
356.061613	 8.268782	 358.663401	 2.478833
356.063513	 8.266703	 358.665099	 2.482838
356.062708	 8.267463	 358.664473	 2.486842
356.059333	 8.271017	 358.661344	 2.490847
356.058148	 8.272068	 358.660115	 2.494851
356.062619	 8.267664	 358.664317	 2.498856
356.064787	 8.265742	 358.666686	 2.502860
356.062663	 8.267866	 358.664652	 2.506865
356.062127	 8.268424	 358.664451	 2.510870
356.060562	 8.270011	 358.662954	 2.514874
356.060093	 8.270682	 358.662395	 2.518879
356.062395	 8.268424	 358.664429	 2.522883
356.061278	 8.269721	 358.663825	 2.526888
356.069592	 8.262345	 358.674196	 2.530892
356.074286	 8.258165	 358.679628	 2.534897
356.074353	 8.258143	 358.679717	 2.538902
356.075784	 8.256712	 358.681014	 2.542906
356.074666	 8.257807	 358.679941	 2.546911
356.072945	 8.259461	 358.678443	 2.550915
356.074711	 8.257852	 358.680008	 2.554920
356.078980	 8.253650	 358.684031	 2.558924
356.080589	 8.252018	 358.685953	 2.562929
356.077840	 8.254700	 358.683562	 2.566934
356.074554	 8.257919	 358.680500	 2.570938
356.072789	 8.259774	 358.678533	 2.574943
356.071671	 8.260959	 358.676990	 2.578947
356.073504	 8.259037	 358.678711	 2.582952
356.072990	 8.259618	 358.678711	 2.586957
356.070017	 8.262501	 358.676029	 2.590961
356.065569	 8.265966	 358.669927	 2.594966
356.060562	 8.269788	 358.662171	 2.598970
356.063714	 8.266435	 358.664965	 2.602975
356.063513	 8.266972	 358.665256	 2.606979
356.061568	 8.269162	 358.663579	 2.610984
356.061479	 8.269095	 358.663289	 2.614989
356.063624	 8.266659	 358.665122	 2.618993
356.063848	 8.266592	 358.665122	 2.622998
356.062596	 8.267508	 358.663915	 2.627002
356.061546	 8.268715	 358.663155	 2.631007
356.060361	 8.270257	 358.661992	 2.635011
356.060920	 8.269475	 358.662439	 2.639016
356.059646	 8.270592	 358.661009	 2.643021
356.060495	 8.269698	 358.661791	 2.647025
356.062999	 8.267329	 358.664742	 2.651030
356.060808	 8.269385	 358.662328	 2.655034
356.058260	 8.271978	 358.659668	 2.659039
356.055846	 8.274728	 358.657611	 2.663043
356.055600	 8.274929	 358.657433	 2.667048
356.056673	 8.273588	 358.658595	 2.671053
356.060428	 8.269877	 358.662305	 2.675057
356.062507	 8.267933	 358.664250	 2.679062
356.062194	 8.268156	 358.663892	 2.683066
356.058506	 8.271911	 358.660316	 2.687071
356.057701	 8.272694	 358.659645	 2.691076
356.058931	 8.271487	 358.660852	 2.695080
356.060026	 8.270436	 358.661724	 2.699085
356.058148	 8.272179	 358.659713	 2.703089
356.057791	 8.272291	 358.659489	 2.707094
356.059691	 8.270391	 358.661657	 2.711098
356.059154	 8.270838	 358.661009	 2.715103
356.058707	 8.271442	 358.660472	 2.719108
356.059646	 8.270324	 358.661277	 2.723112
356.060786	 8.269207	 358.662484	 2.727117
356.057679	 8.272671	 358.659802	 2.731121
356.057925	 8.272358	 358.660070	 2.735126
356.057098	 8.273185	 358.659154	 2.739130
356.056517	 8.273722	 358.658327	 2.743135
356.058349	 8.272001	 358.660562	 2.747140
356.059489	 8.270414	 358.661881	 2.751144
356.054103	 8.275689	 358.656293	 2.755149
356.054036	 8.275867	 358.655890	 2.759153
356.054326	 8.275488	 358.656159	 2.763158
356.052940	 8.276806	 358.654952	 2.767162
356.053320	 8.276650	 358.655712	 2.771167
356.054393	 8.275689	 358.656784	 2.775172
356.054751	 8.275242	 358.656919	 2.779176
356.053432	 8.276627	 358.655577	 2.783181
356.054058	 8.275935	 358.656449	 2.787185
356.055198	 8.274616	 358.657589	 2.791190
356.055488	 8.274079	 358.657701	 2.795195
356.055332	 8.274392	 358.657589	 2.799199
356.053968	 8.276136	 358.656293	 2.803204
356.054013	 8.275979	 358.656472	 2.807208
356.053656	 8.276091	 358.656248	 2.811213
356.053410	 8.276337	 358.655801	 2.815217
356.055108	 8.274526	 358.657164	 2.819222
356.056584	 8.273185	 358.658796	 2.823227
356.056919	 8.272895	 358.659265	 2.827231
356.056003	 8.273766	 358.658327	 2.831236
356.055399	 8.274437	 358.657857	 2.835240
356.054997	 8.275040	 358.657433	 2.839245
356.056584	 8.273364	 358.658953	 2.843249
356.056718	 8.273118	 358.659377	 2.847254
356.056338	 8.273431	 358.658930	 2.851259
356.055287	 8.274392	 358.657790	 2.855263
356.056338	 8.273364	 358.658506	 2.859268
356.058081	 8.271554	 358.660182	 2.863272
356.059176	 8.270369	 358.661434	 2.867277
356.060473	 8.269162	 358.662886	 2.871281
356.059780	 8.269967	 358.662261	 2.875286
356.061210	 8.268491	 358.663445	 2.879291
356.063893	 8.265653	 358.665837	 2.883295
356.062216	 8.267307	 358.664295	 2.887300
356.057768	 8.271956	 358.660249	 2.891304
356.055555	 8.274258	 358.658081	 2.895309
356.056360	 8.273476	 358.658796	 2.899314
356.055310	 8.274593	 358.657768	 2.903318
356.054952	 8.274817	 358.657477	 2.907323
356.055913	 8.273856	 358.658707	 2.911327
356.057455	 8.272135	 358.659958	 2.915332
356.057277	 8.272582	 358.659645	 2.919336
356.059154	 8.270660	 358.661389	 2.923341
356.056897	 8.273006	 358.659534	 2.927346
356.056248	 8.273811	 358.659333	 2.931350
356.055086	 8.274705	 358.657835	 2.935355
356.054863	 8.274683	 358.657075	 2.939359
356.053901	 8.275711	 358.656181	 2.943364
356.053678	 8.275957	 358.656226	 2.947368
356.053656	 8.275957	 358.656337	 2.951373
356.054796	 8.274638	 358.657120	 2.955378
356.056695	 8.272582	 358.658751	 2.959382
356.057902	 8.271352	 358.659847	 2.963387
356.057701	 8.271442	 358.659914	 2.967391
356.055667	 8.273409	 358.657746	 2.971396
356.054818	 8.274370	 358.656963	 2.975400
356.056070	 8.273096	 358.658126	 2.979405
356.055399	 8.273677	 358.657187	 2.983410
356.053924	 8.275108	 358.655957	 2.987414
356.054460	 8.274772	 358.656784	 2.991419
356.056941	 8.272247	 358.659020	 2.995423
356.056941	 8.272425	 358.658997	 2.999428
356.056740	 8.272850	 358.659042	 3.003432
356.055175	 8.274549	 358.657768	 3.007437
356.053946	 8.275778	 358.656762	 3.011442
356.054728	 8.274817	 358.657388	 3.015446
356.057344	 8.272336	 358.659847	 3.019451
356.057187	 8.272492	 358.659422	 3.023455
356.056919	 8.272626	 358.659310	 3.027460
356.054192	 8.275376	 358.656874	 3.031465
356.053231	 8.276382	 358.655868	 3.035469
356.056517	 8.273141	 358.658953	 3.039474
356.056226	 8.273431	 358.658438	 3.043478
356.054594	 8.275040	 358.657075	 3.047483
356.053566	 8.276136	 358.656360	 3.051487
356.055175	 8.274526	 358.657768	 3.055492
356.058662	 8.270861	 358.660718	 3.059497
356.060428	 8.268938	 358.662551	 3.063501
356.060495	 8.268670	 358.662730	 3.067506
356.059176	 8.269877	 358.661389	 3.071510
356.058193	 8.271129	 358.660607	 3.075515
356.057008	 8.272649	 358.659422	 3.079519
356.057522	 8.272068	 358.659824	 3.083524
356.056718	 8.272783	 358.659198	 3.087529
356.057031	 8.272470	 358.659601	 3.091533
356.054997	 8.274549	 358.657455	 3.095538
356.056181	 8.273521	 358.658438	 3.099542
356.058238	 8.271442	 358.660316	 3.103547
356.056695	 8.272895	 358.658774	 3.107551
356.056405	 8.273208	 358.658818	 3.111556
356.055958	 8.273588	 358.658058	 3.115561
356.056003	 8.273498	 358.657991	 3.119565
356.057478	 8.271867	 358.659377	 3.123570
356.057724	 8.271665	 358.659891	 3.127574
356.055488	 8.273945	 358.657768	 3.131579
356.056338	 8.273051	 358.658304	 3.135584
356.056919	 8.272403	 358.658662	 3.139588
356.056695	 8.272582	 358.658483	 3.143593
356.056226	 8.272872	 358.658036	 3.147597
356.055064	 8.274124	 358.657164	 3.151602
356.056047	 8.273364	 358.658193	 3.155606
356.058573	 8.270883	 358.660361	 3.159611
356.058148	 8.271442	 358.660092	 3.163616
356.056137	 8.273476	 358.658327	 3.167620
356.054393	 8.275197	 358.656650	 3.171625
356.057031	 8.272470	 358.659333	 3.175629
356.058349	 8.271174	 358.660472	 3.179634
356.058752	 8.270883	 358.660808	 3.183638
356.058193	 8.271464	 358.660495	 3.187643
356.056382	 8.273141	 358.658550	 3.191648
356.057701	 8.271509	 358.659556	 3.195652
356.056382	 8.272694	 358.658058	 3.199657
356.053723	 8.275309	 358.655287	 3.203661
356.052627	 8.276493	 358.654370	 3.207666
356.052762	 8.276449	 358.654862	 3.211670
356.055175	 8.274012	 358.657254	 3.215675
356.057858	 8.271218	 358.659556	 3.219680
356.059512	 8.269497	 358.661031	 3.223684
356.058394	 8.270458	 358.660182	 3.227689
356.058595	 8.270235	 358.660495	 3.231693
356.058037	 8.271107	 358.660003	 3.235698
356.058640	 8.270548	 358.660227	 3.239703
356.059042	 8.270056	 358.660338	 3.243707
356.058372	 8.270794	 358.660003	 3.247712
356.057455	 8.271330	 358.659265	 3.251716
356.054617	 8.274526	 358.656449	 3.255721
356.055310	 8.274191	 358.657209	 3.259725
356.057388	 8.272291	 358.659444	 3.263730
356.060093	 8.269385	 358.662127	 3.267735
356.059825	 8.269408	 358.661657	 3.271739
356.060227	 8.269006	 358.661992	 3.275744
356.063155	 8.266033	 358.664853	 3.279748
356.063937	 8.265340	 358.665457	 3.283753
356.063334	 8.265809	 358.664988	 3.287757
356.063848	 8.265206	 358.665524	 3.291762
356.065122	 8.263887	 358.666753	 3.295767
356.062440	 8.266837	 358.664138	 3.299771
356.059668	 8.269855	 358.661299	 3.303776
356.059266	 8.270347	 358.661098	 3.307780
356.059355	 8.269944	 358.661232	 3.311785
356.058752	 8.270592	 358.660540	 3.315789
356.059758	 8.269743	 358.661456	 3.319794
356.059333	 8.270302	 358.661054	 3.323799
356.057589	 8.272179	 358.659511	 3.327803
356.058595	 8.270950	 358.660651	 3.331808
356.060406	 8.269162	 358.662350	 3.335812
356.061836	 8.267888	 358.663602	 3.339817
356.060696	 8.268894	 358.662350	 3.343822
356.058037	 8.271576	 358.659847	 3.347826
356.055555	 8.273901	 358.657299	 3.351831
356.055958	 8.273386	 358.657589	 3.355835
356.060048	 8.269475	 358.661545	 3.359840
356.061501	 8.267866	 358.662909	 3.363844
356.061143	 8.268536	 358.662909	 3.367849
356.060629	 8.268961	 358.662641	 3.371854
356.060048	 8.269631	 358.662194	 3.375858
356.063312	 8.266480	 358.665278	 3.379863
356.064519	 8.265206	 358.666195	 3.383867
356.063960	 8.265787	 358.665747	 3.387872
356.060719	 8.268849	 358.662730	 3.391876
356.059534	 8.270123	 358.661501	 3.395881
356.060361	 8.269341	 358.662059	 3.399886
356.062954	 8.266972	 358.664585	 3.403890
356.062283	 8.267597	 358.664138	 3.407895
356.061657	 8.268156	 358.663758	 3.411899
356.059713	 8.269944	 358.661814	 3.415904
356.059288	 8.270280	 358.661098	 3.419908
356.059020	 8.270235	 358.660383	 3.423913
356.057478	 8.271621	 358.658885	 3.427918
356.056181	 8.273029	 358.657947	 3.431922
356.056673	 8.272582	 358.658528	 3.435927
356.059020	 8.270145	 358.660651	 3.439931
356.058014	 8.271062	 358.659422	 3.443936
356.058238	 8.271062	 358.660092	 3.447941
356.058528	 8.270816	 358.660651	 3.451945
356.058148	 8.271241	 358.660115	 3.455950
356.059199	 8.270324	 358.661054	 3.459954
356.063334	 8.266234	 358.665122	 3.463959
356.062552	 8.266927	 358.664473	 3.467963
356.061993	 8.267262	 358.663848	 3.471968
356.061747	 8.267329	 358.663535	 3.475973
356.063692	 8.265452	 358.665345	 3.479977
356.065301	 8.263775	 358.666709	 3.483982
356.064273	 8.264736	 358.665747	 3.487986
356.060987	 8.268156	 358.662618	 3.491991
356.063222	 8.265809	 358.664719	 3.495995
356.063155	 8.265765	 358.664295	 3.500000
